 5.005235206377642E-01  1.673915755502737E-01  6.552098722017047E-01  1.061784845214645E+00 -1.972715888985276E-02  8.141460851528129E-02
 5.015101374007871E-01  1.433742503168415E-01  8.937252254991231E-01  2.393886370264139E+00 -4.667784580567710E-01  1.201255061801584E+00
 7.152396029967036E-01  4.654169141484948E-02  5.038260868245928E-01  1.057785072786668E+00  1.000332632682168E+00  9.350411505634356E-01
 6.577184657794525E-01  6.776663422213369E-02  5.118130187476428E-01  5.767441349799536E-01 -2.505311065214929E-01  2.090874246404293E+00
 6.927221342081006E-01  1.117569430646507E-03  5.015766559176332E-01  4.216469129963057E-01  1.053368006576232E-02 -3.542258273805779E-02
 9.444771216954213E-01  2.544735767279937E-01  5.062273858847165E-01  9.906425039363398E-01 -5.599912363757364E-01 -5.709245609588891E-01
 5.188079670633107E-01  7.246870848437321E-02  5.774248028323999E-01  1.592500236530168E+00 -7.630703988276539E-01  1.969022651463791E+00
 5.115471024402116E-01  4.576988632550736E-02  5.972775329805001E-01  1.420313793457152E+00  1.048860433142290E+00  5.732957597791821E-01
 7.789196343628433E-01  7.104511418769051E-02  5.174555182570575E-01  2.027408746412335E-01 -3.822252325763359E-01  1.432724509261499E+00
 5.133095131526184E-01  2.059003882509735E-02  5.243261169245607E-01  8.877758146852823E-01  5.244363694349228E-01  7.562889685706254E-01
 8.339802640253502E-01  1.588458207845163E-01  5.175883541123177E-01  9.226881032946062E-01 -4.097329338159706E-01  1.610961925048646E+00
 5.146954780991319E-01  3.457791081237046E-02  8.308693474691121E-01 -1.745049574786956E-01  1.969165928344793E-01 -5.223954152926109E-01
 5.121463358574249E-01  3.849823348000891E-02  9.555037222711656E-01 -2.171296247638494E-01 -2.987126508495577E-01 -1.125359239746399E+00
 6.311260464165572E-01  1.298325364843897E-02  5.254502413231297E-01 -4.723549091614505E-01 -4.761558298961421E-01  5.588490506779988E-01
 8.059430996970378E-01  1.014166451195704E-02  5.167429064485122E-01 -1.599902312543174E-01  2.402467995360772E-01  7.532868799695478E-01
 5.331242955308431E-01  2.615356596046329E-01  8.517035159891904E-01  1.572324740403635E+00 -9.946037385787094E-01 -5.561535732903580E-01
 5.198215127205982E-01  1.503783632004113E-01  6.860791628955347E-01  1.134381482797009E+00 -6.257669041159598E-01  3.521568382425845E-01
 5.773485150721541E-01  1.592476553429210E-03  5.010385389845782E-01 -5.133035446151195E-01 -3.248661462261035E-01 -4.485508088361140E-01
 6.878644518253818E-01  3.503520011954712E-02  5.264554228898227E-01  1.267862643633420E+00  4.849293022210097E-02  9.899137072811826E-01
 5.012994797320417E-01  1.562456068411522E-02  7.674908165889290E-01 -3.716967009496986E-01 -8.503259755069410E-01 -9.583135039247810E-02
 5.150210295991960E-01  9.539907303220357E-02  9.048217541982672E-01  4.649251353363305E-01 -3.700061216168031E-01 -3.200848546352879E-01
 8.075536044933052E-01  1.848581092110275E-01  5.277699366978971E-01  5.676594790711341E-01 -2.783249059285726E-01  1.220919289322259E+00
 5.017362802818733E-01  3.017964561223556E-03  5.807988266159732E-01 -3.059075635789987E-01  5.020590104809662E-01 -1.742988478339201E+00
 7.382497570271522E-01  1.002993736116002E-01  5.358229166827189E-01 -9.766591236417767E-02  1.571067794934795E-01  1.041426744230463E+00
 9.642176891692646E-01  6.038208569560407E-02  5.267787947251694E-01 -3.447533118243161E-01  4.882707912192993E-01  8.855441823421524E-01
 5.370541953266480E-01  2.675550557238314E-01  8.198252457500766E-01  1.018126724646869E+00 -1.091085855294086E-01  2.179243794381343E-01
 5.449983375295926E-01  1.341930271047675E-01  5.275260481920979E-01  1.041994181260938E+00 -8.531629997579738E-01  9.439984494412904E-01
 9.967643292604685E-01  1.142780676267317E-01  5.335447936150161E-01 -1.586840489944564E-03  4.412419394640447E-01  7.143793349130773E-01
 9.469122389056269E-01  1.395497006662572E-01  5.246886838034683E-01  5.926709104869459E-02 -1.259579534085083E+00  9.019560755532179E-01
 7.082945921466177E-01  9.373590158604427E-02  5.240371030747089E-01  6.152705799312702E-01  7.626925372907177E-01  7.154688734582614E-01
 5.425534063903652E-01  7.682914402146669E-03  9.123098948273199E-01  2.899783078451148E-01 -7.900480146680786E-02  2.979104568651446E-01
 5.769022697436893E-01  1.328673097681110E-01  5.383874751842460E-01 -1.755749464054241E-01 -2.127842963642775E-01  7.431649531076254E-01
 8.232476326497945E-01  9.301876777569232E-02  5.258953111671971E-01  6.562131281913377E-03  7.167725525975053E-01  4.610654873797373E-01
 9.319135131838604E-01  3.620725442437454E-02  5.290997239819081E-01  6.678528555210143E-01 -1.252524816050044E-01  1.773396260310993E-01
 5.847801392609377E-01  5.891767200435019E-02  5.387685090165815E-01  2.777140485075872E-01 -9.960397569465910E-01  6.597887853085528E-01
 5.350313932143138E-01  1.423444159141124E-01  8.903854950929068E-01  2.194815978498860E+00  1.267264491218864E+00  4.204243473414180E-01
 7.947499772753367E-01  2.081917938147630E-01  5.531274349252411E-01  1.321448803340107E+00 -4.706079897252626E-01  9.228379069878424E-01
 5.475111171262597E-01  6.873073490133853E-02  8.651218277452627E-01 -2.993778925820539E-01  2.336181627142509E-01  1.598166873744228E-01
 5.493679246849347E-01  4.084824613238078E-02  5.675093248818152E-01  3.828952419093352E-01 -1.100999285835786E+00 -3.821440571587834E-01
 5.121323998971333E-01  1.290159048568043E-01  8.072137446986788E-01  1.255951132312295E-01  2.664556806552333E-01  9.501985084594440E-02
 8.406697431318527E-01  1.359495666871835E-01  5.455189515796045E-01  1.006946751648750E+00 -1.060808058779439E-01  4.098175990488043E-02
 5.276110291999305E-01  5.360560437634689E-02  5.398439859701073E-01 -3.473291471946116E-01  1.754559685304753E+00  8.406592498311466E-01
 5.716826437751799E-01  1.228770096134676E-01  8.898323253670660E-01  2.620858579127919E+00 -2.048961968201524E-01  7.462582457682651E-02
 7.658912356255289E-01  3.878169629015030E-02  5.228084117218800E-01  6.735085361055568E-01  8.175276356689937E-02 -2.597924358603686E-01
 5.355791761158609E-01  7.785778366289664E-02  7.542214472376433E-01  5.245336658708342E-01  1.950914743631180E-01 -8.121197300263776E-01
 5.351861739741938E-01  1.612042991990970E-01  7.203621616164799E-01 -2.238965164826037E-01 -2.015024986175812E-01 -3.592437440090451E-01
 5.462968573974548E-01  5.442504572084800E-03  5.743305326247875E-01  5.783493880542918E-02  1.281584258335687E+00 -1.413848958665346E-01
 5.066681884512221E-01  1.056430635801010E-01  6.562694697229551E-01 -8.974386319316853E-01  8.281531868526636E-02 -6.559774789130028E-01
 9.575468248539868E-01  1.725854623416034E-01  5.229463754996334E-01  5.939942115467410E-01 -2.772102629945636E-01  2.597364297786648E-01
 8.298459226406849E-01  5.729608380305011E-02  5.337030637907016E-01 -4.616495767742336E-01 -4.430508591355580E-01 -1.016524789598114E-01
 5.206013327577301E-01  3.839199675838313E-03  6.239210014316218E-01 -1.030442858628241E-01  2.354548998772994E-01 -9.050217346137635E-01
 5.379877135528065E-01  7.264553721860864E-02  8.293611590241875E-01 -6.652426681824308E-01 -1.339562842998951E-01 -9.537440372262465E-01
 9.143593583187832E-01  1.096545475552639E-01  5.642824893033402E-01 -3.442166772712792E-02 -6.161046674976882E-01  9.022542876975324E-01
 6.594954891257532E-01  1.845193048141373E-02  5.544566832236659E-01  1.167901730047899E+00  8.695668222518687E-01  1.628250607411242E+00
 5.358833556045497E-01  3.958958034969359E-02  6.301373363343419E-01  4.705536958608298E-01  6.952530108965969E-01  4.379982449443052E-01
 8.278642714994614E-01  2.934631778379241E-01  5.849696850515349E-01 -1.500734569658446E+00  1.789881117142869E-01  1.900366659201914E+00
 9.897628874756000E-01  1.748700592191069E-03  5.338318080327745E-01 -4.923122145663946E-01 -5.562904396983678E-02 -7.507956523188652E-01
 8.545889720253270E-01  6.693357349036888E-02  6.359442968305498E-01  1.899741787156412E-01 -4.204345296134034E-01  2.201397645346311E-01
 5.632590352777248E-01  6.196223155109235E-02  9.373991028259111E-01  1.058708417663833E+00 -6.968833839535972E-01  7.584320324372831E-01
 7.781123449153960E-01  2.672979261906762E-03  5.566891463196745E-01  2.905162974272563E-01  2.260548645907619E-01 -1.251301732246194E-01
 9.630506511445469E-01  1.701653935163527E-01  6.010406909434638E-01  1.185551785181931E+00 -8.142258108137066E-01  1.456903798707555E+00
 5.259592878822216E-01  9.543460576041071E-02  6.329953545837667E-01 -2.523163378011331E+00 -1.302767360521776E-02  4.907790274071380E-01
 7.613123401458639E-01  8.730054070997258E-02  6.353848043520899E-01  1.988045224407685E+00 -1.174032963318625E+00  1.103378866950925E+00
 6.203589599644919E-01  1.155653595068613E-01  9.984450860708649E-01  1.731183381864252E-01  3.892002821426832E-01 -1.302391111465445E-01
 5.315161017131581E-01  3.842222377763343E-02  7.489296282683174E-01 -1.652974790827770E-01 -3.413487718310551E-01 -9.921540133928725E-01
 8.493150057180935E-01  3.014203895133831E-01  6.102519606628978E-01 -4.086712264415268E-01 -1.781600229424360E+00  3.922095379483185E-01
 7.852070024280721E-01  1.651812229427741E-01  5.903888742755673E-01 -1.088144357660518E-01  4.782405087634019E-01  5.418701587780207E-01
 5.741120720087042E-01  6.235050648506943E-02  5.073560794463374E-01  4.850064962515459E-01  1.560559523679195E+00 -8.685765063091994E-01
 9.429610858420765E-01  1.422613329114969E-01  6.285593552334326E-01  4.019571091917940E-01 -2.206722774812569E-01  1.216358387204102E+00
 8.989630459952699E-01  6.180404925840519E-02  5.018889625951422E-01  7.332837011158783E-01  8.830458712986613E-01 -5.130198716736938E-01
 6.706656639130530E-01  1.156684619385523E-01  5.960612445634321E-01  1.215057602427388E+00 -1.174296380508158E+00  9.573731746845496E-01
 7.822725219890273E-01  1.516932859533804E-01  6.235160420282496E-01  9.798562997057937E-02  1.364858308817139E-01  1.151366233172430E+00
 5.794987096597958E-01  6.829138095314058E-02  9.716015064855753E-01  5.955476597932771E-01  8.226464250782787E-01  2.465292098429832E-01
 6.111149162313032E-01  8.454328079611510E-02  7.513445182858340E-01  3.823994530915361E-01 -3.753509096422213E-01 -5.184911026928009E-01
 5.216212911788662E-01  2.468128596889741E-02  6.751241683878711E-01  1.065775683909453E-01 -7.708633976562517E-01  4.293115681238374E-01
 5.371062107044816E-01  1.141996411384812E-01  8.270222664192063E-01 -9.356088289861794E-01  8.379168595203814E-01 -5.344389702211765E-02
 7.005032744303100E-01  5.052812251635603E-03  5.540115168655074E-01  1.209858411201660E+00  2.982077323595307E-01  9.333868118668140E-01
 6.444678123652191E-01  1.468361176484211E-01  9.439206436692092E-01  6.803092056085414E-01  9.012450247448438E-02  2.401432347268325E-01
 6.729238269973038E-01  9.105043793260248E-02  6.212720432741516E-01  1.437955472250384E+00 -1.256148374305847E+00  1.042359575221503E+00
 9.048598872152702E-01  2.190823178278201E-01  5.694026962662085E-01 -1.759896098030802E-01  1.786816160929864E+00 -1.606374522393455E+00
 9.440223782726993E-01  8.512344151693224E-02  5.503003136257892E-01  8.888536497553801E-01  6.430874423237751E-01  3.429561029836454E-01
 6.146248951876545E-01  1.097392767346963E-01  8.739232429783859E-01  6.353255758134178E-01  2.907380840840168E-03 -1.026276103518108E-02
 6.512961822737979E-01  3.455267332039346E-02  6.396797998910870E-01  1.122374273274830E+00 -6.016123398313930E-01  6.418173175578683E-01
 7.715330455709759E-01  8.605972629007726E-02  5.947737841308190E-01  1.342884694659115E+00 -2.032663390048105E-01 -3.496186259081056E-01
 9.199722802594721E-01  1.816631193038575E-01  5.746431430141168E-01 -1.379880086633408E+00  2.710325187078997E-01 -6.514445871838924E-01
 7.452991040581571E-01  1.310862739680404E-01  6.146724725106799E-01 -3.325569434631085E-01 -4.938280375568541E-01  6.050057256875322E-01
 9.383949508598867E-01  1.371309990980410E-01  6.627876452356141E-01 -2.344859744717249E-01  6.594487867774214E-01  6.163680627780952E-01
 6.099707824547849E-01  2.702095166764877E-02  7.975413771546277E-01  1.506893135666632E-02  1.099885694372746E+00  6.895566380142082E-01
 6.175736796928362E-01  6.570916777088736E-03  9.160516474706140E-01  4.613484978791327E-01  4.717186518242510E-01 -1.042428413729235E+00
 7.615976996218546E-01  8.979966646050164E-02  7.220374457057649E-01 -1.066782130438236E+00 -5.790192406533908E-01  9.841451267760855E-01
 7.294362343889141E-01  1.190405419773763E-02  6.207107642010168E-01  1.313030110338473E-01  4.920009620097110E-02  1.179430696745782E+00
 6.198246861479234E-01  7.160228741232794E-03  5.663101367709706E-01 -2.205023855829517E-01  3.615853514895319E-01  6.399158331897582E-01
 8.434820108679107E-01  5.396269528516633E-02  6.019214856816625E-01  9.187931494686875E-01 -3.365233753019151E-01  1.060729698902761E+00
 5.959149332037500E-01  7.597132545679890E-02  7.213490024704893E-01  7.585496340660036E-01 -4.156584648806814E-01 -6.616710415778025E-01
 7.139884195881346E-01  6.755671951540598E-02  6.783862823962777E-01 -1.486425064373778E-01  1.488362434733584E-01  6.171763702837004E-01
 5.447282175295348E-01  6.176609911387328E-02  7.935956512179215E-01 -8.153094908235600E-01  3.550842724866939E-01 -3.975505083069272E-01
 9.709058696269084E-01  9.766127412941736E-02  6.769576322737906E-01  7.424355848219022E-01 -2.472542995064558E-02  6.264593817285886E-02
 6.434181462672603E-01  6.073602543129587E-02  7.247117264201721E-01  1.226560381544767E+00 -1.217220700766337E-01 -5.025449967660256E-01
 7.651297086579146E-01  5.142011233657963E-02  5.970358055237397E-01  4.057504389109344E-01 -8.777337600997253E-01 -7.564101399342179E-01
 6.657045693302207E-01  4.957902229816921E-02  7.872332818416425E-01  8.551076116625683E-02 -6.581417766936896E-01 -1.506225668692396E+00
 6.053559894186792E-01  4.396325892626171E-02  6.761179784373759E-01  3.981681373768451E-01  1.107406901945878E+00  1.474790657027514E+00
 6.015255069819696E-01  1.156221145751644E-02  6.451787289593867E-01  1.289417755095604E+00 -8.419419688886142E-01 -1.669980457537372E-01
 6.750815681578681E-01  1.350511688494070E-01  9.341535037862276E-01  1.783779080387396E+00 -4.765272880995372E-02 -9.405610654733246E-02
 5.495452664901185E-01  3.349256546931749E-02  9.733418641345356E-01  5.905990272281849E-01 -7.205743973364943E-01  2.521083601734648E-01
 5.398275293299957E-01  2.698784881876340E-02  7.049376242956611E-01 -7.866981878409267E-01  1.670017613317898E-01 -5.097083855884247E-01
 6.908303603131559E-01  2.349852094934299E-01  7.116068135949078E-01 -2.669497149986469E-02 -1.427087277068775E+00  2.173785825512351E-01
 5.794569453154763E-01  2.316201884263935E-03  5.424882589557291E-01  7.001429557271979E-01 -5.450720861278654E-01  1.612570061892113E-01
 7.082484765059034E-01  2.928350452946036E-02  5.756532432005278E-01  1.080184340949393E+00 -4.133416295950287E-01  5.687347203059269E-01
 6.763567352129597E-01  1.100236188081467E-01  7.720177545065035E-01  9.684667220498756E-01 -3.355269041125353E-01 -7.615071817246156E-01
 6.935280684330999E-01  1.979562655558854E-01  7.536052841818741E-01  1.390439183534619E+00  7.821376908819916E-01 -1.442909935017553E-03
 6.757509802300001E-01  2.765945163291180E-02  6.045871530968882E-01 -3.557931493657736E-01  9.491106090870216E-02  2.039428942754585E-01
 7.072550174347618E-01  1.249651423042634E-01  6.072422584122822E-01  2.121954394059629E-01  6.047314812833352E-01 -1.206508560998383E+00
 7.337887145823244E-01  6.740744704294852E-02  5.734703285120930E-01  6.446910959826495E-01  5.511488135854546E-01 -5.636303395132432E-01
 8.003447861294282E-01  2.097509116761518E-02  5.875263411625939E-01  8.445351624995090E-01 -4.584439727289184E-01  2.995729315275041E-01
 9.630535779578777E-01  3.598833669605756E-02  6.637627410048961E-01  7.791818874563473E-01 -4.138203670002916E-01 -3.071422987826216E-01
 5.943917002023307E-01  1.075424818813916E-01  8.265451716153704E-01 -1.356104149435177E+00  1.284760291555100E-01 -1.131914936296331E+00
 6.447570893824571E-01  3.534135989722791E-02  9.235542755657299E-01 -6.793341783087315E-03 -2.848316806582307E-01 -6.604573724793680E-01
 6.878322325857595E-01  2.521101463226227E-01  6.818441574725167E-01 -1.301089195709521E+00 -2.038942078415232E-01  1.846920432565923E+00
 7.921756353189061E-01  4.847905257877102E-02  6.443125221787633E-01  4.608807049451611E-01  4.401155381559780E-01  8.006017702973703E-01
 7.927063961985241E-01  8.238909340787684E-02  6.608425717595192E-01  8.331636554727001E-01  1.043341417148798E+00  1.725841282716168E+00
 9.091603552494549E-01  3.076471382728310E-01  6.950756167771592E-01 -5.696669792110567E-01 -6.561710223665231E-01  9.499324035733422E-01
 8.455283418692644E-01  7.554618815013515E-03  5.060880228118446E-01  8.548885933468389E-02  5.310218139471647E-02  4.276776680325155E-01
 5.606796877240584E-01  5.323373815896515E-03  8.656403182535660E-01  1.289041817619168E+00  3.851030497387327E-01  5.764878080011949E-01
 8.891438906449675E-01  3.340734133484092E-01  6.859238001960665E-01  2.393231111560004E-01 -1.717098912623219E-01  1.182255106733992E+00
 5.515067016365606E-01  4.247778244294974E-03  7.484865112340341E-01 -1.692382395976178E-01  1.005737031256091E-01 -3.652947096651576E-02
 9.309912524771254E-01  1.436336978494495E-01  5.806250520575417E-01  3.804346750877632E-01 -1.577126319379360E+00  6.713254817009287E-01
 7.179772545251111E-01  8.734087159505471E-02  5.960339127942372E-01  2.000371811110160E+00 -8.143177511587240E-01  3.933879417542941E-01
 6.971894628238933E-01  1.148899221328537E-01  8.857237824301523E-01  1.087596227738058E-01 -6.109219740673218E-01 -7.772476535562843E-01
 6.900522643390407E-01  1.510447476215603E-01  8.049729291385802E-01 -1.470828790106437E+00  3.380303231485162E-01 -1.025017704232847E+00
 7.172881079410226E-01  7.604906658181559E-03  6.936114766141739E-01  4.915148580434098E-01  1.884930485094076E-01  6.779150416358982E-01
 9.967931055775521E-01  2.470605861455497E-03  5.712418846304481E-01  9.672382142250823E-01  3.272724632683407E-01  5.749306679000519E-01
 5.902824113206020E-01  3.657205559048379E-02  9.831144794278673E-01  5.009688821125264E-02 -5.900826500376855E-01  3.101764283023771E-02
 9.406693755121623E-01  3.153723654453809E-04  5.435085044186121E-01  1.310301722594029E-01  4.970041110624076E-01  3.423646847563990E-02
 9.148160064196460E-01  8.954574588703741E-02  5.248937160290950E-01 -2.775497077300498E-01  1.295046211080910E+00 -8.273890314124501E-01
 6.203562522363611E-01  5.291456690679341E-02  9.515719719768050E-01 -2.900699029174731E-01  1.148020134419286E-01 -1.893507876689675E-01
 7.649082233883887E-01  2.386129141930374E-01  9.248012669729252E-01  1.640603817772432E+00 -7.733180148023232E-02 -4.621188440085388E-01
 5.820452246769546E-01  1.553552496362023E-03  8.982283946273297E-01  1.491060330307921E-01  8.416103486070416E-01 -3.856105699545023E-01
 7.880913910931877E-01  1.182271371381749E-01  7.285077196945050E-01 -4.519983248799648E-01 -8.009743120141536E-01  1.321509790027112E+00
 6.222859660805866E-01  2.878928140032779E-02  7.069506318730379E-01  9.458933021303713E-02  4.076161069027730E-01 -2.145563220866956E+00
 9.929262784327723E-01  1.481892464837767E-01  6.132683604645177E-01  1.277245125649491E+00  2.575210637489588E-01  2.202803881621428E+00
 6.178509535952195E-01  1.946802426082739E-01  8.775007841609632E-01 -5.036478836252359E-01  5.230169080387647E-02 -3.167376929060209E-01
 9.680588465929445E-01  7.480469819339500E-02  6.470291246020677E-01  2.909493953590505E-01  1.489677179832689E-01  7.166258028188385E-01
 6.624696272415022E-01  7.153376969764137E-03  9.055260435479832E-01 -7.606300019046036E-01  2.270810573244617E-01  3.950604314071676E-02
 7.367281992316688E-01  2.086489728559181E-01  9.176203158192781E-01  1.956887235092595E+00  3.621635125675543E-01 -7.066919668740007E-01
 8.766642784244959E-01  5.590024688198417E-03  5.791973053353501E-01  5.077804375906699E-02 -1.051848794576760E+00  7.908866877406773E-01
 8.822600706235686E-01  1.428110938650738E-01  6.587909390463086E-01  1.133151615697137E-02  1.784316366003835E-02  9.867331375129371E-02
 5.552546120875569E-01  2.395428887748383E-02  8.338523501604238E-01  1.006486259601374E+00 -2.071944621322540E-01 -1.109534703838093E-01
 6.821231163518505E-01  1.855904000065421E-01  7.236289537095525E-01  1.044910781235943E-01  3.767326786875635E-01  5.496983794114950E-01
 9.968823949950177E-01  1.018582861357902E-01  7.211526283667703E-01 -6.003055719287589E-01  3.681034635745924E-02  2.276351003394016E-01
 6.425053339914200E-01  2.654723709471847E-02  8.387054924693900E-01 -9.371105527172341E-01 -1.333644169149919E-01 -3.753376152209966E-01
 6.349684386520384E-01  7.734082662853957E-02  8.672922921255958E-01  1.491698184067216E+00  4.680363178458627E-01  2.171583932025830E-01
 9.534965527411157E-01  2.940827001388928E-02  5.669311678970125E-01 -9.176311124000455E-01  5.611110865348499E-01  8.692047970170939E-01
 6.835088610623808E-01  5.241703237436349E-02  8.432200877805412E-01  1.715422166693828E+00  5.838716316666972E-01  1.076421849658785E+00
 9.353782101685771E-01  2.251865489443551E-01  8.603959887117135E-01  2.031280416437265E+00 -8.589603896450234E-01 -1.907243329151837E-01
 5.623354331442798E-01  1.009786696628152E-02  9.415601807107453E-01  6.264700573754577E-01  1.024148322424109E-01  9.853581569047773E-02
 8.819994473323927E-01  1.367949004925476E-01  7.289004216213124E-01  1.059258780146243E+00 -1.349827263276990E-01 -6.023781998467326E-02
 7.501999334460432E-01  4.154767101772040E-02  8.821360537778635E-01  8.296100478553637E-01  1.050101192935925E-01  6.190033180944595E-01
 6.466961603116497E-01  7.616238451877449E-04  6.628861428907753E-01 -4.505188913635383E-01  1.028061012767904E-01  2.457449516313434E-01
 8.809724616879784E-01  8.998813360418699E-02  9.985703912321946E-01  2.331011271516054E-01 -5.041614232825188E-01  2.735187014107749E-01
 6.454146825322156E-01  4.496636499317851E-02  9.916524198628960E-01  4.197698882642332E-01 -6.034662040022645E-01 -6.983151582560099E-02
 7.093868880103040E-01  3.153327727918143E-02  7.576566690565238E-01  7.365354667898609E-02 -2.818386188562481E-01 -4.125976867080698E-01
 5.992188592164335E-01  6.159130238313536E-02  8.689933238607740E-01 -2.930602251606056E-01 -1.066581795484548E+00 -9.326799953424004E-01
 8.487549742409015E-01  7.542982145100323E-02  7.237501657166088E-01 -3.394583167465324E-01 -6.462873439019481E-01  3.195614429041418E-01
 5.885979500150990E-01  2.834547913027857E-02  5.653074796547335E-01  1.133831401019956E+00  9.813223339284788E-01  2.353175745870534E-01
 5.954348903535747E-01  1.195821028488136E-01  9.728044615353401E-01 -4.217340019741415E-01  8.498201991772791E-01  1.411045983585473E+00
 9.509359905593920E-01  3.346282698335019E-04  5.881788061061711E-01 -9.869804023704226E-02  7.737082300419174E-02  2.160578848607070E-01
 7.609942164572158E-01  1.444204028511442E-04  6.121458513158295E-01 -4.316127719049082E-01  1.827826318077450E-01  1.172375257605922E+00
 7.558461869274061E-01  6.061716987212408E-02  6.537339728079730E-01 -6.202378076868997E-02  1.512680311784475E-01 -4.914626479051596E-01
 8.178390733718534E-01  5.379522933423598E-02  6.741946043925350E-01 -2.157923294523025E-02 -3.314365264741057E-02  3.846030294818620E-01
 7.027585005405433E-01  1.269503436209241E-01  6.663714299970093E-01 -3.793890164362925E-01  1.600813664673306E-01  7.702868411293999E-01
 8.487333009932631E-01  1.347021146208413E-01  6.554021352789705E-01  2.897379880018841E-01  5.978099958314542E-01 -3.191839467637520E-01
 6.695018284507054E-01  1.409776810892404E-01  9.828047038864584E-01 -4.866370967111320E-01  9.762625572363794E-01  6.799481811892928E-02
 7.303059241089973E-01  1.561634393205416E-01  7.530182772265807E-01  1.020532347995897E+00  2.743110902648280E-01  8.341511797737123E-01
 7.095003652034442E-01  1.705376643043540E-01  9.221983261839550E-01  1.889339859665702E+00  1.827623228015284E+00  8.292954611470893E-01
 9.227167033664007E-01  1.879662093877296E-01  6.314783117382782E-01  1.733851614781186E+00 -6.800703588933685E-02  3.469241449519233E-01
 9.131613515087992E-01  2.277897984533490E-02  5.816706418386064E-01 -7.337290184150185E-01 -9.477727127515952E-01 -2.003574429013338E-01
 9.816524705854055E-01  7.828580208286982E-02  5.622238450270792E-01 -3.251009707807663E-01 -9.430064780074755E-02 -8.198424948632364E-02
 8.971231589229829E-01  8.768758034695268E-02  6.078551556627216E-01 -1.910668270218980E-01  2.344363086495050E-01  1.770871360997456E-01
 7.013102034923613E-01  3.321511989020770E-02  7.222133227108136E-01  1.457188396054480E-01  5.794112841471099E-04  4.806609995614515E-01
 8.621795743779765E-01  4.015370654032000E-02  6.748459718632671E-01  1.006388121795920E+00 -1.390166819117702E+00  6.537569151891298E-01
 9.738706560224792E-01  1.186989963871749E-01  6.202907031446837E-01 -3.236562843952829E-01  4.672715245354669E-01 -5.514498927349539E-01
 8.493663415174387E-01  1.196832933641323E-02  6.105058560681202E-01  2.657253646315930E-01 -4.375602882497602E-01 -1.552023225212871E+00
 8.377452736157802E-01  1.035078330161829E-01  6.342747510595150E-01  1.029620489719648E+00  6.418753088304845E-01  5.000055239093985E-01
 7.365628035480299E-01  6.840758671158291E-02  7.458679919672462E-01  1.311607070290653E+00 -8.452521652185582E-01 -9.122342506887812E-01
 8.996582125074142E-01  2.011173629553317E-01  6.019237978778497E-01 -1.786180183630424E-01 -5.967214123084450E-01  4.136443147093938E-01
 6.081398226814693E-01  6.909381365192905E-03  6.074344659592067E-01 -9.640705223858178E-01  7.492099360924273E-02 -6.482433801089340E-01
 9.641696522239294E-01  1.679305793045331E-01  6.677678369220283E-01 -3.194485460539970E-02  7.949738674241842E-01  6.692458456855193E-01
 9.689629605790606E-01  2.474557111218867E-01  8.241460279970108E-01 -3.193595195954740E-01 -4.643595925999278E-01  1.091258372820375E+00
 5.763108577521200E-01  3.058163315998159E-02  7.504144799805748E-01  1.578781759246705E-02  3.312313124769532E-01  8.031317476705477E-01
 9.260250047810911E-01  7.057086168934935E-02  5.895323106141127E-01  2.599052298433539E-02  3.592541311671975E-01  2.195102392387989E-01
 6.978363997911871E-01  3.883260599930746E-03  9.368189464220072E-01  5.259191227010086E-01 -5.678314000457040E-02  7.259123274817046E-01
 5.389631772306618E-01  7.972434353375525E-03  9.961848434892414E-01 -9.080682525778694E-02  6.114236751060816E-01 -4.387779039311832E-01
 7.084675539211178E-01  7.076208453046717E-02  8.868730577865588E-01  7.179975679980343E-01 -2.107459272363786E-01  6.397187157181359E-01
 9.933556632531269E-01  1.322890542886775E-01  6.869644906040723E-01 -5.956702528935238E-01 -5.821450074724118E-01  2.199484374405009E-02
 6.504425727448043E-01  4.487303557274248E-03  5.946634621974759E-01  6.721416954481250E-01  6.449233838592551E-02  1.074432680224365E+00
 9.634071742659823E-01  8.141707422075693E-02  7.090646899202439E-01 -1.111555178252974E-01  3.168330114269906E-01  1.100857486141782E-01
 7.009066261591497E-01  2.781782410232096E-01  9.405685300988907E-01 -8.935076819861846E-01 -6.028389882347864E-01  3.661110546959962E-03
 8.971917498289920E-01  2.841683880097122E-02  5.387707784269608E-01 -8.447097927725880E-01 -3.127912265689655E-01  2.515671498819886E-01
 7.448330901131733E-01  3.679531650166790E-02  7.769479915727235E-01 -3.651506174988445E-01 -2.536424225704644E-01 -1.186373321805626E-01
 8.478898860893166E-01  9.209342337004757E-02  8.292200066021421E-01  6.744619847154283E-01 -2.925357624936238E-02 -1.372776528776901E+00
 5.917553149610872E-01  4.399410678199495E-02  9.266143049612100E-01  1.342945130603407E+00 -8.969492954654943E-01  9.451377778700334E-01
 5.997595870586673E-01  4.841219641274748E-03  7.677252979712371E-01  3.311756740327469E-01 -1.733424171683853E-01  3.703506775423567E-01
 8.304779704591430E-01  9.178790806052574E-02  6.718158868577582E-01  7.684620597096080E-02  1.741945181832618E-02  4.753564527553842E-01
 6.441421977439095E-01  9.625487485965209E-03  7.546628382332431E-01  3.051071971945806E-01 -6.926828941467708E-01 -8.580197299609989E-02
 6.171686548905319E-01  1.621383853865317E-01  8.725538213533393E-01  9.413692059666815E-01 -7.129987735797544E-02  3.614580691013400E-02
 6.735756357157686E-01  2.659456506761301E-01  9.610318946805844E-01  1.706434763320022E-01  3.915482649041143E-01  1.504391182682380E+00
 9.873768484172049E-01  1.468552307408781E-01  7.355519642285955E-01 -3.622305894769116E-01 -2.068778743529373E-01  1.584829636978043E+00
 6.389731156940969E-01  2.344536510987098E-03  9.987148570754261E-01 -1.617576614241910E-01  9.223472942364880E-02 -3.731979357420690E-02
 6.257969444089425E-01  9.951469914784980E-03  8.697706599967576E-01 -2.706314843226985E-01 -1.960304749248264E-01 -1.370753741993531E-01
 8.498240571361160E-01  2.447672241932637E-01  8.423905279071694E-01 -4.485951197115394E-01  5.851690132907195E-01  1.085267589780232E+00
 7.030746430310404E-01  7.957456235395323E-02  7.084751681833547E-01 -4.027425092527856E-01  4.361175634353214E-01  3.988176151508343E-01
 7.108575299684259E-01  1.314455903873702E-01  7.827978334041826E-01 -1.373699631113831E-01  4.343325639699511E-01 -3.892791846634978E-01
 6.001333689769965E-01  1.013972774721982E-03  9.933660029631060E-01  1.111417891865057E-01  6.331009259711453E-01  5.898675969321596E-02
 7.526029018281715E-01  1.767462240112405E-01  9.176434672114967E-01  1.327651052176930E+00 -1.843285807005993E+00  1.124674436024929E-01
 9.992085482979426E-01  1.110739722764414E-01  8.489366118730277E-01  3.920380640195225E-01 -7.450715476395847E-01 -1.419571083812842E-01
 9.838112832131186E-01  1.111783840112584E-01  7.869393503361490E-01 -4.871831975146483E-01 -1.528533719186905E-01  8.946564054779059E-01
 6.804124712180309E-01  1.778581523162540E-01  8.486539309013833E-01 -9.808296800774262E-01 -5.018468599529177E-01 -1.382468632960643E-01
 7.918155694631208E-01  9.895172465911364E-02  7.754265635077379E-01  8.412982996504001E-01  9.355956300387034E-01  9.688007085704132E-01
 8.717742591790179E-01  4.057868802682098E-02  5.657477327348779E-01  7.525090059170846E-01  1.359151108440659E+00  3.291704770080805E-01
 7.081331037293643E-01  1.494154005132557E-01  6.933996709625979E-01 -4.920230396888546E-01 -1.163357167593591E+00  1.741308333273317E+00
 8.170419943882240E-01  3.762982988664518E-03  5.593544625252830E-01 -1.439422903210411E-02 -7.289773595631355E-01 -6.679370159694101E-02
 9.671911318775923E-01  1.531830292629817E-01  7.052417779638283E-01 -2.287208322431821E-02 -2.693911078879268E-01  1.462679730628682E+00
 7.283122009364716E-01  1.563836922849439E-01  6.500300638843638E-01 -1.183884875455462E-01 -1.084009573857885E+00  4.616541273009709E-01
 9.567741595959471E-01  3.077513415514278E-03  6.396823466829132E-01  1.866779032220762E-01  1.634907747120835E-01 -3.076089631925313E-01
 9.404965986987063E-01  4.249503750313623E-02  6.184884363718314E-01  1.572370102726418E-01 -4.143006934355548E-01  2.783113751016913E-01
 7.203478528523415E-01  1.438916704006203E-01  9.401563608992030E-01 -4.659038782791692E-04 -1.502404094188859E-01  5.635850561339888E-01
 6.818394930011259E-01  3.154209953831115E-03  6.476178323743846E-01  5.286546371165701E-01  4.926887323114645E-01 -6.812319556628016E-02
 6.836800412743889E-01  4.438907366186973E-02  6.558636759447616E-01  1.088959962071186E+00 -4.922635660830933E-01 -2.548200637133594E-01
 9.733776962622723E-01  2.326820465876744E-01  7.955872139840436E-01 -6.304802746776234E-01  4.845750606484873E-01 -3.252786019311242E-01
 9.864271208691844E-01  7.363087374043639E-02  8.484730486074303E-01  3.328727377873534E-01  1.099092015607116E+00  2.169342304122637E-02
 6.789560726468481E-01  9.633927324670352E-04  6.841903443966593E-01  5.019013045650068E-01  2.658217858404308E-02  3.600202127754137E-01
 7.960162457128225E-01  6.309626821733913E-02  8.671536816520731E-01  1.004253960874930E+00 -7.994254991479889E-02 -1.143744267530248E+00
 8.802647266113567E-01  1.284443335937076E-02  6.269699807770913E-01 -1.200544442059336E+00 -9.140182334325235E-02  5.579771934882788E-01
 9.222448811054124E-01  6.916618504657814E-02  7.345926336900594E-01 -4.096654391694224E-01 -2.216389264040615E-01  1.429369398275461E+00
 7.442945977260932E-01  4.030503398118476E-02  7.086054339246112E-01  7.767771605205707E-02 -3.969923048669234E-01  9.971766747525569E-01
 7.787420627202680E-01  8.591440008759570E-02  9.071810968883304E-01  3.822248034498990E-01 -5.332683187573516E-01  2.775224677860865E-01
 7.386660790306840E-01  6.934644753811621E-02  9.856568009288826E-01 -3.090492232466944E-01  6.726809405407720E-01 -4.631211216860692E-01
 7.072719176359883E-01  1.066157949363589E-01  7.524505212474096E-01 -4.909729305965478E-01  1.399732396094108E+00 -3.397759074492141E-01
 6.159601144825112E-01  1.766622747972399E-03  9.563087828445631E-01  3.067961397950352E-01 -6.571075565037390E-02 -5.567773904623198E-01
 8.087186274856563E-01  4.084387837532574E-03  6.979989559547404E-01  1.515409329554023E-01 -1.245979168913671E-01 -1.420396358769047E-01
 7.003956926365308E-01  2.490938439717535E-01  8.700135040941767E-01 -3.636046138039038E-01 -3.145334678129114E-01 -7.263771959019285E-01
 8.011989274920841E-01  8.197971063519152E-02  7.088836519223413E-01  5.537790748925311E-01  2.192083353939245E-01 -3.146160212515172E-01
 7.590933829475582E-01  1.885580226889750E-02  6.864001844080486E-01  4.084378277342461E-01 -2.297899484784079E+00  6.635384347347786E-01
 8.827063460443832E-01  9.951376783284843E-02  8.525263111445821E-01  4.998031726123182E-02 -3.930316153792860E-01  4.536282392668372E-02
 7.579266337500793E-01  3.596953816919780E-02  9.163642776546945E-01  1.036764937390882E+00 -7.164135944328556E-02  2.539445628061299E-01
 6.651963297498622E-01  6.619854852054778E-02  7.497747167066665E-01  3.787565040797555E-02 -7.311596164166368E-01  1.245682172636009E-01
 9.241372908492678E-01  4.558027978741317E-02  8.756985768434361E-01 -1.348887672020446E-01 -5.548688054492839E-01 -7.187418380877549E-01
 7.924823459806363E-01  1.771161588820983E-01  9.917092968280913E-01 -6.090505968362776E-02 -3.390270869366086E-01 -1.088102812699045E+00
 5.290855522796233E-01  9.546202900267945E-03  7.921786483754436E-01 -3.035292571775693E-02  5.852364234763229E-01 -9.978725252974503E-02
 9.945775025170285E-01  1.882105694119497E-01  6.736641711795199E-01  1.262911361237444E+00  4.168097074987462E-01  4.291913243782620E-03
 8.523355332451327E-01  1.823032467633488E-01  7.601863372281153E-01 -5.029868788534855E-01  1.004766524727139E+00  7.790645977520372E-02
 7.080699138674011E-01  1.067208700737912E-01  9.814706089922098E-01 -6.827540445567498E-01  1.178518748671421E+00  6.371325249136470E-01
 9.163161079177140E-01  1.128833141868614E-03  6.105927283746686E-01  3.071535002878224E-01 -4.827532718059930E-01  4.724902146935920E-01
 6.716103323226006E-01  1.060960701632751E-01  9.876988555100029E-01 -4.593750223950001E-01 -4.009015123733105E-01 -4.692581504326788E-01
 6.968040650810091E-01  2.196375962237667E-01  8.798385000432587E-01 -1.551136597163025E-01  1.321059623602971E-01  8.635646362084415E-01
 7.845619304271906E-01  1.234158718689169E-03  6.612612145615387E-01  2.725536688751194E-01  6.205782988636086E-01  3.009940635551832E-01
 7.942957999301452E-01  3.509527934512334E-03  7.378340966590047E-01  7.185085575278860E-01 -2.935295498057704E-01  1.187859655287778E+00
 9.616653170400273E-01  2.109140202651145E-01  7.441778529204954E-01  9.491762603989545E-01  9.688678078974016E-01 -1.785572391887450E-01
 7.963055068016286E-01  1.875190750208302E-01  7.008113237741240E-01  5.920318113855274E-01  1.295500035333716E+00 -2.005566574730633E-01
 9.318526990937903E-01  1.211885063590210E-01  7.742956507910992E-01 -1.789224747106289E-02  6.157778017838258E-01 -5.303908686527548E-02
 7.170990400372493E-01  6.190143161736339E-04  9.074945243234158E-01 -1.178613569983042E+00 -4.353963207506800E-02 -1.129703029247301E-02
 9.736244955532187E-01  1.887727364126993E-01  8.085088710271531E-01  8.431727627833117E-01 -3.150366905372853E-01  6.289210705518209E-01
 7.370808766223967E-01  8.814686976438667E-02  8.759485710848979E-01 -4.258947682500495E-01  1.183712173555978E+00  3.510313707322594E-01
 7.431326382938013E-01  1.663218843692337E-04  8.749205703798230E-01  9.990473635075689E-02 -1.397874297957223E-01  6.648158726059473E-01
 9.876259012358429E-01  8.785871770764286E-02  7.522929848122328E-01  6.187339851824354E-02  2.269591280597698E-01  4.715054076550032E-02
 7.712151138169634E-01  1.217762257356825E-01  9.260539778422920E-01  1.820876947532521E+00  4.299450502746189E-01  4.978893302663672E-01
 7.000714249807939E-01  4.998546611650152E-02  9.242102136592940E-01 -3.915221539677359E-01 -4.077968929763455E-01 -2.946500483828198E-02
 8.055126065613656E-01  3.885828649404174E-02  9.544262345114662E-01 -1.329924469566428E-01  5.334733453619283E-01 -1.927851459307293E-01
 9.958801121207054E-01  3.749150905939212E-02  5.340926809781716E-01 -4.446888768460520E-01 -8.693895539235322E-01  2.735725105965392E-01
 9.988970903849953E-01  8.062541591191241E-02  7.975293614701959E-01 -3.862024864359295E-01 -1.602596292674604E-01  1.883698446536289E-01
 8.136384962379266E-01  1.485016138989021E-02  6.411851276078385E-01  2.108134612555664E-01 -1.228497314429763E+00 -7.186010312891594E-01
 5.786903464708303E-01  4.819168809917828E-02  7.941957471521771E-01  8.540541298313864E-01  7.682149294885982E-01 -6.030089855864744E-01
 7.656337887907280E-01  1.563808422399514E-01  9.419629818454854E-01 -1.136432316339282E-01  1.701480215028293E-01 -2.817017966184628E-01
 6.290770400081853E-01  2.530336934051942E-05  8.196663894708810E-01 -7.755720070195823E-01 -8.381316602809228E-01 -9.019899572801827E-02
 7.162580058304943E-01  1.703841876475640E-03  9.762221678369876E-01  1.891627934531050E-01 -4.132445191439236E-01 -3.562260640645225E-01
 8.152316865555965E-01  8.378581113972246E-02  7.461494587762618E-01  1.898554508993223E-01 -7.498956634378534E-01  1.716579782291825E+00
 7.515571794319378E-01  5.351747456328760E-02  9.529991414737794E-01  2.883980000536945E-01 -4.702237465871594E-02 -4.526477032741048E-02
 8.945859009587012E-01  9.742412503512991E-02  8.153200978736340E-01  6.183018026412264E-01 -2.409680087198521E-01 -1.664813977133335E+00
 6.814302812483556E-01  3.876759583452361E-02  9.725100401309975E-01  1.499591685825144E-01 -1.195838561950465E+00 -3.342426370760903E-01
 7.450636000532531E-01  8.295697344024384E-02  7.745121998652255E-01 -3.671418728818974E-01  4.526623531808785E-01  2.956825942798587E-01
 7.956901426662282E-01  6.846564496807721E-02  9.364232175649425E-01  4.809980055910300E-01  9.487497992897681E-01 -5.983966486774818E-02
 8.201448262604335E-01  1.368641313913353E-01  7.556595633344474E-01 -4.750718393443197E-01 -6.468734175766576E-01 -9.589288898627522E-01
 9.949632063122632E-01  4.477645990882742E-02  6.313166033755158E-01 -7.229726986831844E-01 -3.516827281106288E-02 -3.335295031189873E-01
 8.015601995402165E-01  8.395712619417130E-02  8.028898464019502E-01 -7.117058924910830E-01  6.434630735468778E-01  5.751091350954315E-01
 6.887655712930129E-01  2.634768725936915E-02  8.079232299152430E-01  2.765496484658559E-01  7.777478242362502E-01 -3.825585292455808E-01
 5.937597956930835E-01  1.371368722852063E-01  8.158136505651959E-01  9.554098072281162E-01 -2.224934720283620E-01 -2.825109039653331E-01
 8.314752824839529E-01  2.130816027425432E-04  6.729204563020069E-01  9.406311431136861E-01 -5.407949357731649E-02  2.583924654908717E-01
 7.107828885792626E-01  8.580646727327595E-02  9.278009612014292E-01  1.938642321017381E-02  1.804412354696155E-01 -4.221974901959795E-01
 7.351514156881573E-01  2.466858532899643E-03  7.873876839755196E-01 -4.815529551305711E-01 -1.307006810548724E+00 -1.106508073815764E+00
 9.332514813786518E-01  1.673391544957470E-01  8.405777637689590E-01  2.332897024423356E-01  1.467463592493098E-01  3.615458477162151E-01
 7.835908005100813E-01  1.694091818923514E-01  8.499712606335441E-01  3.594532686725437E-01  1.109481961788371E-01  4.919684191838617E-01
 9.928401393677700E-01  1.315970630053040E-01  9.506238884114487E-01 -2.497540831294890E-01 -4.462922450173122E-01  3.852677100353707E-01
 7.713192226950955E-01  1.533399847517324E-01  7.283585571799760E-01  8.185404390325939E-01  4.275884960845673E-01  1.249035705936111E+00
 7.200979245802712E-01  2.174413604811602E-02  8.588605623201654E-01  3.892635686934915E-01 -4.121133449082932E-01 -1.209171541486858E+00
 7.411397131423174E-01  5.544299655618010E-03  7.232891738960399E-01  4.453948278533820E-01  5.803795888312834E-01 -3.922782042618511E-01
 9.685330723656640E-01  1.862923565246375E-01  8.460439482317271E-01 -2.943964362816779E-01 -9.653288497226789E-01  5.942637662634273E-01
 9.272796926533341E-01  1.699155307112525E-02  8.289622772545034E-01  5.926151427523013E-01 -7.067522464440880E-01  4.838868255905415E-01
 9.051359068063412E-01  2.153454346975650E-01  8.685371285966010E-01  7.724761806388803E-01  8.128486975221800E-01  1.498732091084000E-01
 7.357614125249582E-01  2.077540615311637E-01  8.552658459725498E-01 -9.254339681555025E-03  5.911200431121181E-01 -4.177093870273916E-01
 9.463968817361553E-01  2.333606024281343E-05  6.742617828774767E-01 -2.663408456157825E-01  3.741604923163440E-02 -4.102301112385277E-02
 9.104236374390844E-01  1.431919474781628E-01  7.634087290644428E-01  1.356796875604382E+00  6.872419050865463E-01  8.077250756325169E-02
 7.132953001466371E-01  1.267948824963132E-01  8.578297210930630E-01 -1.020555778040182E-01  4.678066041460693E-01  6.231645510176079E-01
 6.806084836879990E-01  2.010721678956575E-04  9.946031692114282E-01  4.490009390219671E-01 -2.714891800438550E-02 -1.694809334812930E-01
 8.431121463831385E-01  1.073274013202753E-01  7.915291745245734E-01  3.986999974314510E-01 -1.349923247657097E-01  9.744390273238407E-01
 9.214730634966832E-01  4.033419285522407E-02  7.086149563592826E-01 -3.670775952489004E-01  1.160703150302718E-01  3.138993524313940E-02
 6.019265890369463E-01  2.713901276515053E-02  8.470180770029178E-01  1.774346003835835E-01 -2.724771485551309E-01 -2.316589360700172E-01
 9.448534077155500E-01  1.377707025837426E-01  9.876519297787083E-01 -6.539348677153684E-01 -9.718858757360609E-01  7.906449871683442E-01
 8.877291230746874E-01  1.891106714941474E-01  6.405041426609128E-01 -2.749903018811223E-01  5.256260265224454E-01  1.933030214515090E+00
 8.188323011515052E-01  1.731532404794926E-01  8.854474257855789E-01  2.188660206419533E-02  1.663213927741733E+00  1.009451205572221E+00
 5.696283094561767E-01  1.989849867981997E-04  8.080256255670786E-01  7.893711027478593E-01 -3.929679018744378E-01 -2.730437845568631E-01
 9.941951875552768E-01  5.021232695149416E-02  7.327272673085719E-01  7.164793981625142E-01  3.404311579519151E-01 -1.461423169921886E-01
 9.670257499435101E-01  2.400312689591890E-01  7.264607537643651E-01  1.098445053904123E+00  5.066157715363345E-01  5.244146857388737E-01
 9.977576984456540E-01  1.861110070116582E-03  6.500764491560720E-01 -5.018632659118054E-02 -1.644030911753318E-01  4.053931937368623E-01
 7.760031499683537E-01  1.708755103594385E-01  7.593543603378099E-01 -3.146365558553137E-01  1.004261436651917E+00  2.418646615862367E-01
 8.859403253360335E-01  3.681551192698799E-02  8.446788158215848E-01  7.028685914611922E-01  1.088333692379261E+00 -7.078903341716717E-01
 6.833483920736467E-01  8.312535174615085E-02  8.556086139158685E-01 -5.575204126159194E-01 -4.934714212032268E-01 -8.059830931107979E-01
 8.004562045103035E-01  3.805585174018834E-02  7.774846635664761E-01 -4.044253066041048E-01 -2.624030040124058E-03 -3.205045150183133E-01
 9.273024562134079E-01  2.058605027087525E-01  9.464592489990239E-01 -9.047018589625652E-01  7.578460506825233E-02  4.218688544896491E-01
 6.925620183857327E-01  1.802221522086593E-01  9.574171642860673E-01 -3.991219152204008E-01  1.337409393213078E+00 -1.667346969954334E+00
 9.545045135574285E-01  2.918055118177126E-01  9.188383994621019E-01 -1.368535299583770E+00 -7.085619622553071E-01 -8.473930679119820E-01
 7.471814534589369E-01  1.116998736748206E-02  9.538862248548933E-01 -1.919854175564267E-01 -1.714298447233478E-01 -3.558704740893132E-02
 8.234708544707520E-01  1.290419443743666E-01  8.262776619107874E-01  3.303381687389554E-01 -1.694136411314021E-02 -9.684359600219616E-02
 7.666300005627498E-01  1.935414504785889E-01  8.271107402193064E-01  4.601694931608263E-01  1.432018980399158E+00 -2.830178486040105E-01
 9.063506427511946E-01  1.035891610223036E-01  7.358011458561494E-01  6.867707643151552E-01  1.343477214894895E+00 -2.131846100244031E-01
 7.629523567549686E-01  4.104700757055389E-02  9.936560734270252E-01  8.632114643319614E-01 -7.330263654879789E-01 -4.500001680417658E-02
 9.664184342352138E-01  2.430745527198750E-01  9.724242274984927E-01 -1.442337955346535E+00  1.034903001407631E+00 -1.125634132115429E+00
 6.725376276941220E-01  4.045436790972965E-04  8.291708743653882E-01  6.173804299174168E-01  4.365992638634144E-01  7.373092050791901E-01
 8.698942375059028E-01  8.405920767851847E-02  9.151986025765048E-01 -7.161323039573956E-01 -4.026460356207390E-01  5.603815926331924E-01
 7.653477924615043E-01  1.363518869612750E-01  8.482347215046787E-01  7.796591090547316E-01 -1.396704160262439E-01  1.089787955275294E+00
 7.578167223166379E-01  5.646622955834364E-02  8.207102643452980E-01 -3.923578477419288E-01  5.455426876708511E-01  7.945775088555421E-01
 9.997239400123940E-01  1.339897055325009E-01  9.156991577176922E-01  3.617880078279899E-01 -3.494324718848869E-01  6.462210310510278E-01
 6.892097149150370E-01  1.825505483608891E-01  9.951707591011368E-01 -7.933373413482008E-01 -1.251003806426015E+00 -1.001103211691142E+00
 8.685035551458012E-01  1.169897365776533E-01  9.837722499607693E-01  3.986330270803141E-01 -4.717683327041766E-01 -8.053348954090019E-01
 9.495079023993831E-01  3.864279117359615E-02  7.419252412411115E-01 -2.775753404916982E-01 -8.431618127820553E-01  4.027371125674260E-01
 6.620025463970659E-01  5.331483212308285E-02  8.814499297471992E-01 -2.235353547625594E-01 -4.113846840181088E-01 -8.130356377552169E-01
 9.130766217615665E-01  1.897573031150442E-01  7.980831558526653E-01 -1.259649668962712E+00  5.598100754149012E-01 -1.113221351889107E+00
 8.335484753666430E-01  3.832073365960405E-02  8.479578210511907E-01  2.293023229940409E-01 -3.599873167296063E-01  7.006286941434282E-01
 8.620478250975231E-01  7.250637772539568E-02  9.575432444129695E-01 -4.237170330352131E-01  6.053867187784839E-02  3.946146025835942E-01
 7.251243301300004E-01  6.275221838586720E-02  8.064331997000087E-01  6.331015006115688E-01 -6.651223187034182E-01  1.548059476864647E+00
 7.709356844581507E-01  2.106383242773126E-02  8.299053714833587E-01  6.959948544123804E-01 -2.533019320603682E-01 -6.653273780131951E-01
 7.712393558361805E-01  9.327443276842144E-02  8.556615226434158E-01  1.670018409432367E+00  5.727745131425450E-01  5.713571556492595E-03
 8.257841570512762E-01  1.938032648461828E-01  7.210080075402105E-01  3.352328307767156E-01 -2.771353234564316E-01  2.256133520517930E-01
 5.737096974261658E-01  8.228547184012150E-02  6.483016272291618E-01  1.559305026211623E+00 -7.443427254340724E-01  7.678551454732536E-01
 8.834634231924903E-01  7.011886339701683E-02  8.733385014973842E-01  7.140530752694930E-01 -9.275228707481445E-01 -4.444151694435094E-02
 8.142344825592539E-01  1.167171068737749E-01  9.057156525254412E-01 -1.173047710943080E+00 -3.798474213817188E-01 -8.021932582288427E-01
 8.685520006227930E-01  1.167992936120290E-01  9.169613254028185E-01 -3.404823727014648E-01  7.817772391109359E-01 -9.396992609076331E-01
 9.009597634426111E-01  1.560321106325369E-01  7.059725068596771E-01 -2.500362848567696E-01  3.584354261966352E-01  8.364260589711731E-01
 8.017487312569044E-01  2.396103625772346E-01  9.686504194573571E-01  1.065048895563269E+00 -6.990714644642240E-01  9.618213156098767E-01
 7.680531836720472E-01  2.378729051842830E-01  9.860765335835696E-01  1.069474342073605E-01 -2.377890027046854E-01  5.778233013147179E-01
 9.191379399705873E-01  2.724809145723115E-01  7.234465039163317E-01 -3.310124612106720E-01 -4.177617179314806E-01 -7.643987584181696E-01
 7.816131536797982E-01  1.697433341561104E-03  8.661265343200039E-01  3.680291242651472E-01  4.920481195415059E-01 -2.766969705466069E-01
 7.777329951534190E-01  3.030929487578893E-03  7.722414690688693E-01  3.368216883602866E-01 -7.615106075053724E-01  2.703167896554347E-01
 8.205846509007855E-01  1.518368160889109E-01  9.372357329828086E-01  9.633644995895879E-01 -3.361836095882458E-01  5.739770002849885E-01
 9.063428271442420E-01  3.681493950269228E-03  7.002680371202396E-01 -4.361960465305441E-01  6.231201617858589E-02  1.069357828097672E-01
 6.579445135926854E-01  4.824441661218854E-03  9.654427736013537E-01  2.226918589556375E-01 -6.134267722892096E-02 -7.128237837514476E-02
 9.211734847212917E-01  7.888377487942248E-02  6.557353763158238E-01  2.071324615779627E+00 -2.273304956308778E-01  5.374486563024878E-01
 6.785037952759885E-01  2.257200979678933E-03  7.720595653890461E-01 -1.139189887849462E+00  5.568067213564694E-01 -5.116379952495084E-01
 7.502568379738249E-01  2.193594267218410E-01  9.533916782949420E-01  1.420229353322980E+00  1.189303677309975E+00 -6.835792277457095E-02
 8.014997401034432E-01  3.379135634136210E-02  8.875484296805406E-01 -2.724779077119838E-01  5.899579569140740E-01 -6.893663002960223E-01
 9.731674972126052E-01  5.357162162065388E-02  6.042239354444182E-01 -3.731089777973015E-01 -9.573395411285619E-03 -6.300561677041877E-01
 8.747122736045602E-01  2.516505980731009E-04  7.331570916620762E-01 -6.819503289657525E-01 -2.143333547979754E-01 -7.163530144997290E-01
 8.519500655700677E-01  2.353023963692447E-03  7.776836002152535E-01  7.300213842570711E-01  3.015939587223459E-01  1.667362010073540E-01
 8.902459714314455E-01  2.994136766119971E-02  7.584108440844080E-01 -1.764856359782312E-01  2.156919524914862E-01  1.630180213463146E-01
 6.623985269194660E-01  8.380881498764760E-04  7.268603340470999E-01 -3.577928911988066E-01  6.188292903123756E-02  9.501723487154745E-02
 7.850352362158020E-01  6.626388874083107E-04  9.477051370067671E-01  1.461736728665994E-01 -2.384334276868787E-02 -6.423894975957933E-01
 8.226388379601007E-01  1.748543233357978E-03  8.724431982264620E-01  1.746558178534378E-01  3.167611759666617E-02 -1.747880479943925E-01
 8.823010413619924E-01  9.998948370480716E-02  6.630551199409368E-01  5.639674438984402E-01  5.274452886349220E-01 -1.507631627987635E+00
 9.660879168590900E-01  4.172097576570456E-02  8.479793368240165E-01  4.935513695492120E-01 -5.622751686564682E-01 -1.077328318175606E+00
 6.531245635732110E-01  6.931423680461930E-02  9.650151546882711E-01  8.977147436489440E-02  6.476619717791078E-02 -7.783238378533523E-02
 9.261164474931746E-01  1.069356999620186E-01  8.931020548120681E-01 -3.437456355132996E-03 -1.742016504510941E-01 -6.972717959415360E-01
 8.781458417416846E-01  1.811004977547563E-01  8.966456901118194E-01  3.092179529684613E-02 -9.963763727194518E-02 -7.000725134861761E-01
 9.511409342002519E-01  9.700334137031050E-02  9.535287291176904E-01 -7.063473166880684E-01 -2.186766693998958E-01 -9.199305295612464E-02
 9.830331124728797E-01  4.854722217125713E-02  6.973688198484860E-01  3.777124514945460E-01  2.150619425951273E-01  3.446492643681575E-01
 8.644294658441772E-01  2.617758594612341E-02  8.035238768340173E-01 -1.502180576999020E-01 -9.764880701214186E-01 -3.917992819753421E-01
 8.533212654842570E-01  3.059105988574734E-02  8.823066129954779E-01  1.603585087062651E-01  1.628544034720650E-01  9.652398457547733E-01
 8.391047554819268E-01  1.524488312206650E-01  7.801634566293096E-01 -7.774935719664625E-01  8.453565917888802E-01 -6.663622216156188E-01
 8.361644552381490E-01  4.650699316975428E-02  7.598913926225440E-01  1.016210521336962E-01 -6.886679303191396E-01 -3.535384831313177E-01
 6.741892953682712E-01  2.010371814172887E-01  8.230626501271484E-01 -5.497047853992538E-01  3.312907258785452E-01  4.614268327933419E-01
 8.908134277801499E-01  4.681122500727387E-02  6.120000759988464E-01 -2.262058007507260E-01 -7.057589011746997E-01 -8.571960742581928E-01
 9.447061310117499E-01  5.345439408060614E-02  8.054380090168376E-01 -2.885288355215447E-01  9.185658642071648E-02 -1.881669877144141E-02
 8.316723515734177E-01  9.296340354449604E-03  9.986862504852784E-01 -4.294828845570655E-01 -4.433934442552542E-01  2.736264638424723E-01
 8.765129794792873E-01  6.879886702212687E-02  7.449232685836739E-01  3.823193280444152E-01 -1.778842338845801E-01  1.101315910554510E+00
 9.987842216420282E-01  4.061192830335554E-07  6.929674850985416E-01 -1.188804390107120E-01 -1.939322175034242E-02 -4.699692798516039E-02
 9.775070366958404E-01  1.394885951036217E-01  8.639016446361476E-01 -6.351333732942634E-01  9.301429606034076E-01 -1.217392233747742E-01
 8.198649755701756E-01  2.054751780038594E-01  9.781247127703246E-01 -5.324741954818076E-01  1.252147005905880E+00 -1.132542401791498E+00
 7.795057103795233E-01  5.769904438373451E-04  9.112169088173080E-01 -3.750501191481403E-03  1.128460886014457E-01  2.271487404285538E-02
 9.646028544060192E-01  6.544216144619053E-02  9.980214325248985E-01  2.930593804638822E-01 -1.500354074939037E-01  2.037496199210969E-01
 8.736379343351732E-01  1.132932592408785E-03  9.095644727151362E-01 -3.700710544049530E-02 -8.844763134624532E-02 -3.236754969760125E-01
 9.580702354571279E-01  3.087714662130798E-01  8.880025718173358E-01  5.583941826086610E-01  7.362463705792377E-02 -3.401647288773089E-02
 9.971414746391664E-01  4.551249581874097E-03  6.155186254967796E-01 -1.715721001541710E-02  1.315380201607243E-02  1.224555845847167E-01
 8.029236506678893E-01  1.388170420722805E-01  8.818346774393799E-01  3.654776475270433E-01 -5.373781007959889E-01  4.516435803758229E-01
 9.894964254515553E-01  3.504468989521840E-02  7.709639438034477E-01  4.081436572678444E-01  5.043575641281631E-01  4.599587558815281E-01
 9.306568047349963E-01  1.109061072199356E-01  8.163095954161818E-01 -4.971362318147500E-01 -4.799192752699333E-01 -8.608576951117004E-02
 7.870442263592666E-01  1.170027861233269E-01  8.267138034566150E-01 -5.873338599712628E-01 -1.644215135288301E+00  2.024275244478872E-01
 8.981137241376206E-01  7.981336486147484E-03  7.829300681082829E-01  7.250695484980277E-02 -7.668672870739972E-01 -5.006357865043554E-01
 9.118838556462616E-01  4.570607863443489E-02  6.568902213334228E-01  1.943950516031868E-01 -1.541052101677762E-02  2.247176443509218E-01
 9.332827062267994E-01  9.413061502360108E-02  8.484677344487653E-01  1.506885865465664E-01 -2.019762907715724E+00  4.502595502637579E-01
 6.919938909141430E-01  3.367950541010747E-02  8.884618197936885E-01  1.224562097610055E+00  1.189103321411653E-01  1.086611852147377E+00
 8.189966498796046E-01  4.233477660800788E-02  8.119418621145887E-01 -1.184720030683766E+00 -5.466647148993998E-01  7.581657247257151E-02
 9.083412335843905E-01  1.443664710956909E-01  8.254726582049658E-01  1.908334944018282E-01 -5.267247937870262E-01 -1.077017159379267E+00
 8.710812523601662E-01  1.062298235230769E-01  7.572828000274080E-01 -6.793666619429122E-01 -1.509179719280345E+00  3.706401187766171E-01
 8.926082444145823E-01  1.086086158064196E-02  6.656942941750185E-01 -6.746234486300485E-01  3.275902575216501E-01  5.960067291696358E-01
 8.919859763685780E-01  3.177758346624489E-02  9.999970099808070E-01  1.286886543479077E-01  3.627431200118230E-01  8.064538162824915E-02
 9.258942409770365E-01  5.757472862445227E-03  7.331723485143999E-01  2.579392538394499E-02  2.166523271271230E-01 -9.984608865485196E-02
 9.336010815884459E-01  3.804691654827758E-02  9.987328083425490E-01  3.179735981420553E-01 -3.599259462321988E-02 -1.600049266321379E-01
 9.026768349506510E-01  1.362375279223762E-01  9.788312983538612E-01 -6.023030704812221E-01 -1.369258709351016E+00  4.720905385821337E-01
 8.109334336939291E-01  6.386023854019993E-02  9.911489813075637E-01  6.295769992373706E-02  5.460191462217187E-01  2.727829746528302E-01
 8.367849516877170E-01  1.114695118229738E-02  7.359095142761070E-01  5.513315593900566E-01  3.502023326336317E-01  7.808316460626307E-01
 9.886648230429450E-01  1.091658827211656E-01  8.883428878835146E-01  3.724073109667449E-01 -2.141781271385877E-01  9.478959706121671E-01
 7.012569737422383E-01  6.855104212506682E-02  9.921145077160740E-01  3.929016737778330E-01  2.764385564654196E-01  2.571550233470942E-01
 8.421862636766536E-01  1.696851684095688E-01  9.181987254978610E-01 -6.126469023146128E-01  3.995987226762713E-01  5.448554591858890E-01
 9.679231488778601E-01  1.068662268808096E-01  9.957598376743482E-01 -1.729367530341586E-01 -5.978605783807852E-02  1.565431049390013E-02
 9.411812400363833E-01  4.014166357974267E-07  9.185090988038520E-01 -1.559714549434464E-02 -6.908312424971496E-04  9.423365446675488E-02
 9.998822948423152E-01  8.833060512199938E-02  9.996978254774448E-01  2.105244367980038E-02  1.420316964689921E-01  4.007488408124981E-01
 9.194345094089350E-01  1.722425040849090E-03  9.968061134806291E-01 -3.692760518826192E-01 -6.602279869164299E-01  2.800599262661610E-01
 8.780190802495825E-01  1.263506967380325E-03  9.491724737615174E-01  4.540737696496413E-01  6.602496903085819E-01 -2.287966069924752E-01
 7.109676381880502E-01  1.534189657160512E-01  9.838388999213804E-01 -1.586784471429928E-01 -7.224584517706554E-01  1.977241853188483E-01
 8.686556657182255E-01  5.513946046773784E-03  8.368212017603482E-01  1.413196018957291E-01 -6.777930650926626E-01 -2.041808076691595E-01
 8.363052180452540E-01  3.132224156375356E-02  9.290205728779739E-01  1.091111717841732E-01  3.082205354243428E-01 -6.736918580664768E-01
 8.261650479405060E-01  1.642874835860979E-01  9.828107822726657E-01 -4.658304633521339E-01 -2.682391616414878E-01 -1.076183834568350E+00
 9.956135967815652E-01  2.061271460050192E-03  9.215241659037142E-01 -8.838287907491191E-02  4.464088558862616E-01  1.847843258235252E-01
 9.580504330017301E-01  6.867742371291786E-02  8.914665515666832E-01 -6.273581076102440E-01  3.966010331824805E-01 -2.937873653318817E-01
 9.641871456179135E-01  1.161263593488521E-03  7.138511367027938E-01  1.533835816320561E-01  2.863092718540137E-01  3.753026395688162E-02
 6.072375702280668E-01  7.953396879820511E-02  6.391040746473990E-01  5.115922357257500E-01 -9.253676995643875E-01 -3.115273105749767E-02
 8.152330809964387E-01  1.804806369976257E-03  7.922005919585470E-01 -5.522248334090917E-01 -3.490882611944324E-01 -5.530605384262590E-01
 9.410426115749523E-01  5.298204781209847E-02  9.217378035722434E-01  6.164817352378892E-02 -2.378374663805171E-01  1.082417646812417E-01
 9.604255374563166E-01  1.778289390172295E-01  9.632989155311530E-01 -1.495891326520001E-01  1.428127809849393E-01  2.989460316539636E-01
 8.242736727934178E-01  2.656446322819544E-03  9.124128190096550E-01 -1.269999608709083E-01  2.705041788194234E-01  3.472488435003210E-01
 8.586377480675003E-01  2.026558091546201E-02  7.062265452746446E-01 -7.560723599157120E-01  8.523687940242300E-01 -8.291664737077504E-01
 8.872560006869377E-01  1.860084986194948E-01  8.240217824444444E-01 -2.925207722410809E-01  9.227945223891987E-01  4.082884733756095E-01
 8.625315753809831E-01  1.781720271288758E-01  9.890804751298831E-01  2.799401606926609E-01 -4.746771219865409E-01 -1.321333560286849E-02
 9.593611105048302E-01  1.610550189089909E-07  7.549902480061830E-01  5.337532833284716E-02 -2.445977852028873E-03  2.953154758396958E-02
 9.978064645590656E-01  8.294957022784979E-03  8.453950329324855E-01 -5.458549710796115E-02 -2.373604319318562E-01  2.387225267957894E-01
 9.521019929413024E-01  6.432978330836524E-02  7.728564824879759E-01 -2.529004502092752E-02  1.127705758118575E+00  7.277522542227723E-01
 8.136593262512677E-01  1.609681241784607E-01  8.151181149922079E-01  1.905785635662989E-01 -3.237842018991189E-01 -5.209080374642556E-02
 9.061229560921250E-01  1.998155460683711E-01  9.166376295738513E-01 -2.130593408886459E-01  7.113339756638243E-01 -1.052990913796729E+00
 8.871605361061276E-01  7.035065559225757E-02  6.848719711611728E-01  3.448496307019824E-01  2.628039227860084E-01  2.961009661524336E-01
 8.731953265387692E-01  4.439390300649632E-04  9.994998058474401E-01 -4.319553834837758E-01  9.420431223401751E-02  3.364162192239564E-03
 7.318202797559916E-01  1.948691292222632E-02  8.194180140081657E-01  3.197733563205631E-01  4.039115041019026E-01  1.703835007311122E+00
 9.309428286639758E-01  1.281274321641562E-01  9.477614640867205E-01  4.033790797794163E-01 -1.609340068590291E-01  3.890784077915889E-01
 8.448981204891700E-01  7.151533880365461E-02  7.927585407994658E-01  2.437274426576493E-01  6.153022691548878E-01  1.774015105268366E-01
 7.300250759103266E-01  2.114073161261378E-01  8.199930420463445E-01 -1.102212153507551E+00 -5.798285674765868E-01 -1.981895918332707E-02
 8.527861702560907E-01  2.399507546754032E-01  8.763851641584693E-01  1.924171049919000E+00  8.696339984328514E-01 -1.995130144637761E+00
 8.432877579797526E-01  5.272196724991415E-02  9.956597317916970E-01  5.798991851644402E-01  8.782699522400663E-01 -3.404747110891726E-01
 9.768623192320590E-01  2.256459385021791E-02  8.088739206781819E-01 -3.494407650363004E-01 -1.435119751751248E-01  2.611318876273148E-01
 9.476565861527415E-01  7.507780508900709E-03  7.907664061846773E-01 -3.837890718143996E-02  2.058778961859215E-01  3.183144035948737E-01
 9.986888276779430E-01  3.717177476951148E-02  9.152403658897473E-01 -2.395709653285187E-01  1.047797616507841E-01  6.917846465104443E-03
 8.900275557075645E-01  5.829278251271763E-02  9.416101904503850E-01  7.107639002284759E-01 -5.333889199263893E-01 -1.187525958279169E-01
 9.290780404535698E-01  1.428329244596780E-01  8.895427787001204E-01  3.782420634068089E-02 -4.900624883121115E-01 -9.477681427908088E-01
 9.924484595151022E-01  9.450586848708609E-02  9.357227140345766E-01 -9.143179350835916E-01  2.581821392678193E-01 -3.499094791314415E-01
 9.992667148885912E-01  1.369652590135767E-04  7.299477550950304E-01 -6.501742835686430E-02  7.263401910459903E-02  5.739050354193660E-02
 9.950873224988590E-01  7.122228094847199E-02  8.915912863022046E-01  1.425628245137636E-01 -3.557143707094660E-01  7.063437889602454E-02
 8.919862154628193E-01  1.845424177205353E-04  8.766592127565798E-01  6.840052354999142E-01 -7.963657483936136E-01 -2.898926397678365E-01
 8.217939221509832E-01  9.660813316684073E-04  8.318496328122048E-01  7.245072952216768E-02  3.102708425792164E-01  3.003299034903525E-01
 9.176007077996847E-01  5.753271145843059E-02  8.388177288108916E-01  4.089266134332628E-01  4.060444475996165E-01  5.727346021251404E-01
 9.330751776258129E-01  6.268625801538537E-05  8.826841293587947E-01 -5.959827550062302E-01  1.525381239033309E-01  2.081050049171029E-01
 7.823018407988059E-01  5.702306786950331E-03  9.891912514066172E-01  2.715584131600539E-01  2.619021384442451E-01  3.976878927242805E-02
 8.855383768730007E-01  1.506253671290046E-01  8.811850464311715E-01 -4.643625245373203E-02  7.805922136413281E-01 -9.441820433249074E-01
 8.887876868298198E-01  3.860999710288624E-02  8.959638300688966E-01 -6.422010693177551E-01 -1.165300177383388E+00  1.981718131728606E+00
 9.232344916324892E-01  5.138855272100767E-02  9.567861695463246E-01 -4.245546293683845E-02  1.720846493939854E-01 -5.396657040246396E-01
 9.633739501187447E-01  2.565827222876065E-01  9.413579137438626E-01 -7.302045349159787E-02 -2.831580260103502E-01 -5.840379299651832E-01
 9.970206692656142E-01  1.054546756391410E-03  7.820847692054641E-01 -1.052711585149618E-02  1.231894169353446E-01  1.531738769707742E-01
 9.619515785645643E-01  7.013522406201885E-03  9.961704397262909E-01 -1.198527567233509E-01 -2.774150567922653E-01 -3.654530108046107E-01
 9.423732345026210E-01  1.895001978010995E-01  9.930212798516872E-01  4.177350431565603E-01  1.202711499125204E-01  5.976666333814302E-01
 9.969749032297810E-01  8.843227216335008E-04  8.803378238674401E-01  2.319198362911323E-02 -8.902317822736847E-02 -3.960053120570903E-02
 7.468412683750849E-01  1.765122172161627E-03  9.992486925441535E-01  1.883636974603841E-01  4.903177322841862E-02  3.091203232052325E-01
 9.984143235250541E-01  6.778535678774149E-02  9.643775698501644E-01 -7.088721362726400E-02 -2.268221799940796E-01  3.328387259235641E-01
 9.155155855625864E-01  2.469830527333514E-03  9.563941624391935E-01 -1.611206319414425E-01  9.428299948791159E-02 -7.327503985238893E-01
 9.229175325737947E-01  7.585695741281480E-02  9.916268187619812E-01  8.579665073866887E-01  2.918395981616878E-01 -2.370057366796292E-02
 9.090061964051517E-01  9.882420701893074E-02  9.609219856117723E-01 -6.478158100692911E-01  8.054059918747580E-01 -7.271244913912931E-01
 9.582194317054246E-01  2.221045204353931E-03  8.425706847936608E-01 -2.734273039113739E-01 -6.799836918348005E-01 -2.991829502057065E-01
 8.890831553065409E-01  2.022991029163745E-01  9.954152185188355E-01 -2.900898983928876E-01 -7.729933522415841E-01  7.049250063439229E-01
 9.674370152967213E-01  3.932304923779011E-02  9.643605410765600E-01 -1.013464234795543E-01  1.587844891550643E-02  9.388782518781744E-01
 9.791133940025022E-01  1.493033445299994E-01  9.845395914804491E-01  1.103051474082560E-02 -9.718694626872743E-01  9.612889899164437E-01
 8.437527675119015E-01  6.406462391416942E-05  9.664515029180656E-01  6.184736332973944E-01  2.381359842423164E-01  2.264740177255653E-01
 9.583202568715767E-01  2.764509089657434E-02  8.914797962840380E-01 -6.833499677252280E-02 -5.484122831556051E-03 -1.915804595321723E-01
 9.978111786799572E-01  5.921569788471988E-05  9.994842330928179E-01  4.638178156330825E-01 -6.033016181078661E-02 -8.315706742284633E-02
 9.998174360066403E-01  1.508768758358064E-02  9.602509444846719E-01 -1.255201874293060E-01 -2.140616949683448E-01 -5.337447593992939E-03
 9.581505614948702E-01  1.120710712615746E-03  9.555403574454772E-01 -2.863513818935463E-01 -2.922661034477277E-01  2.724171911843279E-01
 9.985353565657963E-01  3.956817776777495E-02  9.930032340568188E-01 -1.087086569096586E-01  7.618016909145485E-02  2.581133581505840E-01
