 3.219807277824673E-01  1.385107960427591E-01  5.018388776193649E-01  9.315983928753733E-01 -3.322688687815919E-01  1.165075585052847E+00
 4.574069095136984E-01  8.573652335081829E-02  5.045445692310075E-01  6.464026594252744E-01  9.205779959068581E-01  1.433978148843408E+00
 2.934525216086691E-01  3.689780532266658E-02  5.016329453156135E-01 -1.492643648379668E-01 -4.878314562266610E-01  4.277846172823062E-01
 1.235063028623508E-01  1.307788169547378E-01  5.040655560396146E-01 -1.171607572189848E+00  1.281794070507825E+00  7.077830371794753E-01
 8.748708826932541E-02  4.561759447006771E-03  5.005972924898895E-01  5.955863949029557E-01  2.597154211978628E-01 -7.125507820893820E-02
 2.648366937096086E-01  1.010207309992339E-01  5.026975215469850E-01  2.392969063125354E-01 -4.386815519231398E-01  4.569007883772718E-01
 2.660930319844513E-01  6.190543152209844E-02  5.060293659991847E-01  1.945623356161978E-01 -5.657116353964334E-01  3.465977368552707E-01
 4.522388927203230E-01  1.257562408031363E-02  5.192635622529526E-01  1.093716521063116E+00 -2.195463325562381E-01  8.276549995368192E-01
 3.737756434625580E-01  7.254069021178772E-02  5.299512753169663E-01  3.370775188178171E-01 -2.663817212299397E-01 -4.389799154044166E-01
 4.375853824261241E-01  1.131895224165060E-01  5.047011288836595E-01 -5.744998039926841E-01 -5.822009007073871E-01 -5.045661252090361E-01
 2.763570345926513E-01  2.564945892310031E-03  5.155738021208156E-01 -3.375346147042763E-01  2.974405698743959E-02  7.523698311837835E-01
 4.086400257146459E-01  8.397230252384448E-02  5.352592210705702E-01 -2.065953556579196E-01 -4.173553964583039E-02  7.965159049349203E-01
 4.022728961026787E-01  1.756669914136308E-01  5.107125726330999E-01  8.589453704522805E-05 -5.043902391932098E-01 -1.288925023367742E-01
 4.000215072400590E-02  1.267907188485335E-01  5.062344555167410E-01  1.875812784502927E-01 -2.765354240644810E-01  4.064733605441439E-01
 2.130476461005392E-01  1.034155071281384E-01  5.110817408168068E-01 -8.186432727795990E-01 -5.812876036353795E-01  6.438954752487207E-01
 2.928710211676392E-01  1.421104414338435E-01  5.180289724944618E-01  4.977636502407184E-02 -4.692922144258672E-01  1.056314146694326E+00
 1.179238652020836E-01  1.642582214741878E-01  5.256371445047741E-01  2.907680706693381E-02 -6.791012258890666E-01  6.891827513404932E-01
 1.056533814653995E-01  7.812635235933081E-04  5.471151743380813E-01  1.881790011351869E-01  3.153964405458524E-01  1.023936714080644E+00
 3.637905949970889E-01  1.125812968916581E-01  5.449533070948688E-01 -5.321755805786481E-01  1.272105629081329E+00  4.235868695261200E-01
 1.573762284864051E-01  3.375285462378000E-03  5.258621153514885E-01  1.574236559877560E-01  8.263615827727656E-01  6.645004454044177E-01
 4.442040573154486E-01  1.562994117412266E-01  5.175171748057877E-01  5.498029947604087E-02 -5.455686313789658E-01  3.070295113264382E-01
 4.735327913512813E-01  6.876045502056166E-02  5.733307484266642E-01  6.940264206978533E-01 -1.967172143539517E-01  2.555621319515859E+00
 3.489328774536668E-02  5.939927246208528E-02  5.309899647836970E-01  3.501397084347852E-01 -2.273824644191670E-01  3.770656871480644E-01
 3.208302207692312E-01  1.360392719044687E-02  5.251837668305662E-01  2.265655710610621E-02  8.211967137600211E-01 -2.082034681959023E-01
 3.424269146630410E-02  1.600347853203256E-01  5.232841526373485E-01  3.530279797043597E-01 -1.257428347104449E+00 -1.077482465626805E-01
 2.386748811776184E-01  7.971343695036270E-03  5.203704133659560E-01  6.646323995248902E-01  7.278359996510939E-01  3.244623661804968E-01
 1.497754523912764E-01  1.034757177264094E-01  5.009306193043479E-01  4.403542069695380E-01  2.501595042591453E-01 -2.161045196151400E-01
 2.002356348941873E-01  8.278046745176261E-02  5.402624266141274E-01 -4.959849752991986E-01 -1.710430985532817E+00  1.535143791895694E+00
 4.349270225529697E-01  4.901749524673144E-02  5.486141742899988E-01  4.995939574848155E-01 -2.966349598821329E-01  5.611098318036690E-01
 4.150176169535342E-01  2.107521248027126E-02  5.211828126370878E-01 -8.824424307614751E-01 -3.730785885752438E-02  1.819472977324127E-01
 4.969744537304439E-02  8.645811925392034E-02  5.733483873562407E-01 -4.573863958339291E-01 -4.400705151054400E-01  5.706788448128113E-01
 1.360222932968952E-01  4.219112682066227E-02  5.548360914439777E-01  2.744837108538579E-01 -6.161395869904465E-01  1.268850117518292E+00
 3.759197544490254E-01  2.306739508018673E-02  5.367921765747740E-01 -6.080097369954022E-01 -8.362070843691776E-01  9.602803589013139E-01
 8.404903957707882E-02  3.235372146611000E-02  5.217995964547809E-01  1.077615883791552E-01  4.798065593421921E-02 -4.470071580684190E-01
 3.024396415939967E-01  1.346538988129338E-01  5.681060213791977E-01 -3.952125756426514E-02  3.761213597056745E-01  4.806944094753555E-01
 4.553772129800100E-01  1.864023916006029E-01  5.286019440272862E-01  5.277275444066276E-01  2.044826887942080E-02  3.680998223321251E-01
 6.133857680685096E-03  7.536315069476357E-02  5.457219750045980E-01  3.361729976491671E-01 -1.144725159594432E-01  1.002425452459620E-01
 2.152580563400387E-01  4.922929111367959E-02  5.390528848442681E-01  6.839551185583125E-01 -1.256421872238049E-01  1.970321763889671E-01
 3.353154507219790E-01  1.483356199637932E-01  5.678439599424054E-01 -2.936183691376197E-01 -1.688713300914880E-01  5.941360331735521E-01
 1.582070765020737E-01  1.262980642475020E-01  5.934016875393435E-01 -7.265507651105070E-02  6.737656148308198E-01  3.586305572933703E-01
 8.785207059221268E-03  1.329490799395562E-01  5.448081571841900E-01  8.186398892086158E-03 -1.099963678691358E+00  6.761871325250847E-01
 2.706278465372682E-01  5.584952686749761E-02  5.525730762744194E-01  2.586970268840372E-02  1.059521171505673E+00 -3.024037079585092E-01
 9.709944447079770E-02  8.478058012492544E-02  6.035482284523118E-01  8.350436280622979E-01  4.861744449708474E-01  8.158764338506267E-01
 2.847392711537950E-01  8.837171446677818E-02  5.438625312127315E-01 -3.468178930693623E-01  1.128116628161414E-01  1.417039729323826E+00
 4.769474270536918E-01  4.830856041632210E-02  5.464099866844836E-01  1.245136628124858E+00  3.065338070110791E-01 -2.540972803866792E-02
 1.256903285029210E-01  1.210724295514599E-01  6.241297124941043E-01 -5.459199105131476E-01 -3.830184973865962E-01  1.665402766850225E-01
 3.459624529879961E-01  4.708016621868803E-02  5.528993164787196E-01  5.148914880913247E-01 -1.564379388737124E+00 -7.635175938855002E-01
 4.406552782788910E-01  3.445820033357275E-02  5.800071387522067E-01 -7.195930401434640E-02  2.318381970055199E-01 -3.116992571299148E-01
 1.214795908346473E-01  7.861437866315737E-02  5.565895449730358E-01 -7.175581984357832E-01 -2.165859269923456E-02 -4.112370618384780E-01
 9.638585448426877E-02  5.622151798194551E-02  5.756918218590521E-01 -3.355128491656392E-02  1.551407243962230E-01  2.809776447897926E-01
 2.732052534725112E-01  9.125109382683343E-02  6.401001359935125E-01  9.456759056030594E-01 -6.100562587664192E-01  6.333538782855396E-01
 3.981197837803640E-02  1.343068669901441E-01  5.575222709576946E-01 -9.314338151275616E-01 -3.949961740521769E-01  2.352545726348602E-01
 3.990459503285005E-01  1.159892294381370E-03  5.619595242072769E-01 -1.179624912977906E+00 -6.634376405370063E-01 -3.660814048917415E-01
 4.226769126948981E-02  1.224742839799538E-01  6.067632651901584E-01 -2.969202039622076E-01  8.708379963139036E-01  1.820432811985855E-01
 1.553917552902808E-01  4.818313807549127E-02  5.874397269679116E-01 -3.902184927990784E-01  4.670828644569238E-01  4.227031414188347E-01
 3.819811166758707E-01  6.784522299461115E-02  5.706128474538129E-01  1.323989364209822E-01 -7.538754008726518E-01  2.611961861946249E+00
 4.119351066489298E-01  9.943044491417834E-02  5.736653982936490E-01  1.111616172909463E-01  2.235111782310505E-01  1.055208073308904E+00
 3.073877508422411E-01  6.106235563403933E-02  5.728746893413501E-01 -2.358427136688952E-01  1.981713478143225E-01  9.397934384146113E-01
 1.439364761946978E-01  9.219803444389170E-02  6.039762504684002E-01  2.538538857178889E-01  4.586484315375342E-02 -1.494535989657951E-02
 3.195925695153255E-01  8.109846139961329E-05  5.602517022671580E-01 -1.010751286925163E-01  1.592566075371618E-01  2.907730705831731E-01
 2.490653908286918E-01  9.166957275449653E-02  5.932993415753338E-01  1.445602302613010E-01 -8.039824593915320E-01  6.319626115287555E-01
 7.487091128593606E-02  1.863272382848288E-08  5.628196012091945E-01 -5.259519742732578E-02  1.015190739338556E-03  3.718520857171436E-02
 1.501257234681153E-02  2.520364409620642E-02  5.454411111748138E-01  6.680232634149070E-01 -8.346140056821235E-01 -1.480311826491364E-01
 7.200329616624034E-02  1.478736635409459E-01  7.261426393236391E-01  3.288277688683606E-01  3.240664172777899E-02  7.723383000001030E-01
 3.660912427082491E-01  9.760982653568993E-05  5.732791039284765E-01  1.126883675499564E-01 -1.182439377545447E-01 -3.675896994627569E-01
 1.352816426575034E-01  3.103536829688341E-02  6.408301650375118E-01 -4.579096940241766E-01 -3.169507884354191E-01  1.558197741222955E-01
 9.445068664677602E-03  9.809978165259212E-02  6.108082220692101E-01  1.064579354454347E-01  6.956480982816534E-01  8.878780639792601E-02
 4.098212498700157E-01  4.915578540702166E-02  6.010297957903801E-01 -4.507852154783951E-01 -1.048219094567268E+00  1.603770432134541E+00
 4.414225130181929E-01  2.847211418790135E-02  6.809226107216481E-01  6.213771076356696E-02  5.163047930335339E-01 -2.342555685311954E-01
 8.064232496795806E-02  1.388896421914531E-01  6.427156882200641E-01 -1.837285747875106E-02  1.430119385005783E+00 -2.716448269102290E-01
 1.845029935606106E-01  9.513277691872309E-02  6.925308699436284E-01 -5.019774121753555E-01  3.537003509096983E-01  8.171561020139858E-01
 1.928333029733791E-02  1.127639390983390E-01  6.719098749781856E-01  3.121453345340650E-01  8.454023949307885E-01  1.961184616493750E-01
 2.045258692203485E-01  7.720283736979601E-02  6.177538911145077E-01 -4.161400070546650E-02 -1.501989952762284E-01  5.216632765187968E-01
 1.916010824801951E-01  6.769503696342516E-02  5.840801994842734E-01 -9.942265171611724E-02  4.708520556707477E-01  3.223444739079624E-01
 3.055546138214978E-01  2.375889945323648E-02  5.851964344445536E-01  3.612885969278508E-01 -1.620140745235637E-01 -7.396318660463035E-01
 3.740649071116843E-01  1.065513412063229E-01  6.171785391851179E-01 -1.284772748113921E+00 -6.120568057381333E-01  1.013693898840776E-01
 1.103313628628709E-01  1.188547506936428E-01  6.572973919422105E-01 -4.747592690347680E-02 -1.810174052872476E-01 -2.654849053914916E-01
 2.805371529362536E-01  1.025351712940147E-01  5.897640828929400E-01 -1.024327134153467E+00  4.122806985989158E-02  1.012151592609768E+00
 2.672326938297958E-01  7.727181455987912E-02  6.719896137561197E-01  1.152786777716005E+00 -7.240200042349436E-02  1.560584110415211E+00
 4.200942065166109E-01  3.214837335215889E-03  6.030471782557638E-01  8.663287123283520E-01  3.370339402414430E-01  9.361384600161831E-01
 1.038328473449910E-01  5.281170260233461E-02  6.219178783304191E-01 -6.566539574132030E-01 -1.826001131780304E+00  5.413595196593659E-01
 3.513730652982922E-01  1.128004956025983E-01  6.466514770225740E-01 -3.963361231579214E-01  7.871491562236260E-01 -8.785895568243385E-02
 2.700281617655992E-01  3.585238801748713E-03  5.942785309351811E-01  6.282691653258667E-01 -8.933335051001128E-02  7.607783511351041E-02
 1.969124692686778E-01  4.154309086549874E-02  6.131939246945788E-01 -7.497352762849996E-02  3.824334871587068E-01 -4.128525524054262E-01
 3.706118658603318E-01  4.815780808711429E-03  6.209408492427295E-01  2.106694116968914E-01 -1.445776189607108E-02  1.162026536102847E+00
 1.962743204117072E-01  1.353250884550196E-01  7.382425892977187E-01  7.852928056877726E-01  4.009401097714389E-01  5.830898358599164E-01
 2.441557376844390E-02  7.434410482722088E-02  6.931554184055438E-01 -1.152235481479582E-01  4.767341890848417E-01  2.902613532315651E-01
 1.906438692655068E-01  1.066421651245594E-02  5.291622295029558E-01  1.432489140375435E-03 -2.424411590144126E-01 -1.023780073768682E+00
 3.420862726423257E-01  1.271062984729765E-01  7.577823619074853E-01  2.489885934563251E-01  5.063335893293645E-01  4.048053942215038E-01
 3.720282628158277E-01  3.871767968328723E-02  5.863915607354825E-01  7.703826098077042E-01 -8.211027319253376E-02  9.268621918435282E-01
 5.586634926448174E-02  4.764559634446863E-02  5.770962717596622E-01 -9.082024737275997E-01  3.302285116937725E-01 -1.234749992318670E+00
 4.465997732667911E-02  1.126125264025261E-01  7.785845501653487E-01 -1.451671256170232E-01  3.815319186946571E-01  8.001146492006511E-01
 4.423093510445870E-01  1.109443473815782E-01  6.305122331184293E-01 -3.734010662021006E-01 -3.542881998595300E-01  2.517361793592068E-01
 3.182250707511974E-01  6.335350945816001E-02  6.141926568841449E-01 -2.679068129872609E-01 -1.328942996546166E-01  7.512003284822401E-01
 2.221487939572160E-01  3.403187704521991E-02  6.668925930237009E-01  8.692303444592514E-01  4.858763007097092E-02  6.721664342504101E-01
 2.836692572169173E-01  6.713523755752682E-02  7.676590993686977E-01  2.611858130202309E-01  6.604128442938607E-01  3.570323827482521E-01
 2.404996237130101E-01  4.832085287508047E-02  6.329204062360005E-01  1.494754512199909E-01 -5.702361231710042E-01  3.424822105520883E-01
 1.899305193858104E-01  6.150527045222411E-02  6.778700699985093E-01  5.850788010626475E-01 -8.106886458753770E-02 -5.208213359805896E-01
 3.351449886227361E-01  2.512545623221995E-03  6.124307175413987E-01  1.890895993159710E-01 -4.610530566896723E-01  9.356301454042033E-01
 2.296011061194836E-01  1.776979292438835E-02  5.546990421197389E-01  7.169008264937589E-01 -5.866940609252097E-03  6.947700422375334E-01
 5.817230864080259E-02  5.477695853553086E-02  6.409577951434500E-01 -3.884826901714933E-01 -1.835866241135803E-01  1.259377732983635E-01
 2.136480420761885E-01  9.611357967333845E-02  7.168022877800685E-01  2.506049604506494E-01 -5.608563447659128E-01  4.385867972077909E-01
 3.621904284633788E-01  8.051768574807483E-02  7.446121314417737E-01  6.562468481442206E-01 -5.081157507497913E-01  1.420217575212805E-01
 2.686840527733761E-01  8.719839922719702E-02  7.145588351632641E-01  8.053338829723392E-01  6.533559663441550E-01  1.480861033978894E+00
 4.119535861660068E-01  8.320146364481225E-02  6.444277901338098E-01 -7.612195757005152E-01 -3.593337696893363E-02 -3.377584425982522E-02
 1.370908948437091E-01  1.066106546752037E-01  7.193371382187626E-01  2.731872735076504E-01 -1.006559000112325E-01  8.296831604782290E-01
 2.501430886220034E-01  1.189718359477172E-01  7.155326354549087E-01  1.910297573401356E+00 -6.811389421397706E-01 -6.917994079934224E-01
 2.784710752623832E-02  9.464373358004678E-02  7.419615438369991E-01  2.447328007783619E-01 -1.558053474073201E-01  8.365737751920820E-01
 3.540405806705157E-01  6.321376615585071E-02  7.126378749428610E-01 -5.127827269126336E-01 -3.934332976387306E-01  5.982237677226294E-01
 2.393948823774697E-01  1.849691463286489E-02  6.071714924246275E-01  4.473317492349521E-01 -1.455365525610164E-01  1.662810626845091E-01
 4.525401551255187E-01  6.405032777606483E-02  7.712290649929726E-01  1.049327068626021E+00 -3.257299160779428E-01  8.173083526504742E-01
 3.633975444332153E-01  5.830694566046651E-03  6.830820390339954E-01  5.518445662882999E-02  3.336659158722078E-01  7.265499075592999E-01
 1.699528594354099E-01  2.454656999055050E-02  6.721835396407192E-01  4.661988511849146E-01  1.308685728699300E-01  2.563995592411917E-01
 4.417542749056369E-01  1.576484886938973E-04  5.513755043684339E-01 -1.752388010211688E+00  3.022933410539365E-01 -9.681976930890364E-02
 4.554432977301555E-01  1.230817033777110E-02  6.137958285927996E-01 -4.115544760622469E-01 -3.299152470398962E-01 -2.432298412725260E-01
 2.488531150030963E-01  5.494414403315201E-02  7.021223383429173E-01  6.251128596323980E-01 -3.066655700760378E-01  1.118901721928111E+00
 2.798860851708133E-01  6.260167160302582E-02  6.035728478277934E-01 -1.752303137701864E-01  1.275645667193154E+00  8.625243958230168E-01
 3.406315698844063E-01  2.693062477249639E-02  6.441899042201529E-01  6.431126015689596E-01  3.365126140146611E-01  2.322602328597462E-01
 3.549947955538679E-01  8.052114980452456E-02  6.344793126918900E-01 -8.352885016032069E-01  3.978088332973460E-01 -1.226466659994617E+00
 3.052979194256848E-01  4.767048334020319E-02  7.195784602511616E-01  2.596417507295761E-01  2.258349421918955E-01 -7.406024780023708E-01
 2.515569501768266E-01  7.031276373206592E-02  7.951569334096072E-01 -1.386167931162102E-01  1.753425227823339E-01  3.783123121166061E-01
 1.003686456807758E-01  1.282096720787297E-01  7.270722392572009E-01  7.789878156097321E-01 -2.440221980465358E-01 -8.765511439580239E-01
 1.713438641587738E-01  5.775312663820516E-02  7.151312772388275E-01  2.241935352707588E-01 -2.167362209869813E-01  1.835411081678844E-01
 3.926121091071624E-01  6.756578221753458E-02  7.690616585224177E-01  1.020552443994724E+00 -3.054178590901414E-01  2.856353620309613E-01
 9.036222181241513E-03  1.435985862688579E-01  7.167331201830049E-01 -4.969440302505521E-01 -1.999699664359120E-01  3.357999472604794E-01
 1.533439164757608E-01  6.172258958019511E-02  6.637853343730855E-01 -3.954720196167122E-02 -7.385326462819187E-01 -1.942347142397858E-01
 2.766071526855646E-01  1.238657233832432E-01  7.789008093238802E-01 -5.518248007463982E-01  4.745893917571350E-01 -1.794015412973815E-01
 4.804601437238394E-02  8.485273051691668E-02  6.109408490370047E-01  4.778148344363035E-01  1.728564741834066E-01  1.294000643229087E-01
 3.288198429840445E-01  1.956087085696643E-02  7.425994070933779E-01  5.229405259316374E-01 -1.357330070847132E+00  2.495393762689168E-01
 2.109690506143775E-04  4.837215952261185E-02  6.663974179904434E-01  1.897743949460184E-01 -6.539548681040083E-01  3.311043750786489E-01
 2.630876324225997E-03  9.444892460725611E-02  7.157999214083994E-01  3.097198135337097E-01  6.374458034381235E-01  1.572660580983190E-01
 4.901046787897334E-01  5.937082440923744E-02  7.596278935097220E-01  1.177835806607353E+00 -1.623342213681925E-01  2.558357754422308E-02
 3.993873035100219E-01  6.170513643104769E-02  8.296197798742589E-01  1.096896311383275E+00 -9.694768304256327E-01  1.401670579482019E+00
 2.917378276763290E-01  4.316250464977667E-02  6.864919981888172E-01  1.380662793374666E+00  2.052749528327475E-01  3.806862110726175E-01
 1.907523244637120E-01  1.234683100161688E-02  5.795727507266919E-01 -5.151050140816981E-01 -3.779652419213654E-01 -1.160963921739469E-02
 3.556500311729077E-01  1.667128424269303E-01  7.378142203428456E-01 -1.648206011964621E+00  1.675735717448939E+00  1.783131015695214E-01
 4.830099076647718E-01  3.572494402895139E-03  5.513199054729730E-01  1.970091077461904E-01  2.203206886082819E-01 -2.922221859433704E+00
 7.537995464567569E-02  1.340776116283796E-01  8.384875898789150E-01  3.719419703545135E-01 -1.206458084580869E+00  7.480321430805290E-01
 1.782588827542405E-01  9.385709597166518E-02  7.990949133326060E-01  6.602170956077610E-01 -1.244823594749102E-01  1.157633844759686E-03
 4.685705507744312E-02  1.301470387769556E-01  6.874932864916906E-01  1.182075322082371E+00  7.608950765441708E-01 -9.372829814440808E-01
 3.598695718562868E-01  8.632467171369609E-02  7.827173792389077E-01  4.447418416507421E-01 -6.280394886840177E-01 -6.313223008182585E-01
 7.385330997632959E-02  9.388401316831652E-03  6.125534704716675E-01 -3.019586571494690E-01  2.541393205690258E-01 -1.363045417349702E-02
 4.341704225447801E-01  1.639133750588230E-02  7.254319027803232E-01 -2.690975827304640E-01 -1.535187249099874E-01  4.328477397019573E-04
 3.794072085997581E-01  1.644778789191430E-01  8.845174337106125E-01  1.415737666457793E+00 -8.554721729917814E-02  1.405401943781238E+00
 4.153798990766875E-01  1.042026093630164E-01  8.084118805987668E-01  2.031546033767196E-01 -1.057392812716651E+00  2.192387570793316E-01
 2.660361500078203E-01  2.333374720460362E-02  6.450778737245496E-01  8.481422491382461E-01  5.214327819001613E-01  2.865826630937452E-01
 2.246208860871219E-03  7.016257912981670E-02  5.828417605827605E-01  4.239362534680237E-01  1.251238911039475E-01  2.486971833763356E-01
 1.307057211785040E-01  6.905953726711700E-02  7.251948662295281E-01 -4.692995222699428E-01  1.807086181931240E-01  2.169948401515903E-01
 4.051138590224778E-01  4.914037371539974E-02  6.621037842455968E-01  1.954113209428826E-01 -5.253407336404405E-01  6.574315732551687E-01
 8.406555548448962E-02  7.617489227578564E-02  6.664630629724294E-01  3.120346390729672E-01  9.584066908490624E-02 -1.001050195908215E-02
 8.238298800910683E-02  9.183073165303646E-02  7.537652523036420E-01  3.313471976513447E-01  2.167488008550771E-01  3.262786266327530E-01
 2.077116496494736E-01  1.714112528595798E-01  7.358150609610516E-01  1.242066475353334E-01  1.126561950973627E-01  2.079747589497271E-01
 1.524577561789998E-01  1.122128819368172E-01  8.149473253989125E-01 -1.268018717081248E-01  5.424724270184900E-02  7.473009748358033E-01
 3.680258023550489E-01  1.334730995953822E-01  7.323515548238267E-01 -1.312404430400891E+00  1.362921694741461E+00 -4.562263326051270E-02
 3.523758552929713E-01  1.857811431339995E-01  8.711483577694031E-01 -7.909095193663493E-01 -6.335824917005642E-01  1.048753987558068E+00
 2.739592156200996E-01  1.589879876976242E-02  5.500393633836331E-01 -3.135129513721798E-01  5.934800944920583E-01  6.078490828538246E-01
 2.982707776119990E-01  1.097499081994411E-01  7.589404605539778E-01  8.777493663772474E-01  6.270972127997468E-01  6.607785535603196E-02
 3.353763795435492E-01  6.529230142411845E-04  7.120725438569248E-01  8.230411979826173E-02 -1.266008905523238E-01 -4.706271646975732E-03
 1.550846679550913E-01  9.211570889777667E-03  5.809376396292688E-01  3.949920384602616E-01  8.582764155562697E-01  4.173027268275742E-01
 2.967701375751753E-01  1.498872875151426E-01  6.537075254731752E-01 -7.741009898988542E-02 -1.777317696249467E+00 -2.038395179386250E+00
 1.693381035131925E-01  1.808697906028812E-02  7.543123960310893E-01 -4.107017953531827E-02 -2.767914198996636E-02  3.721175288035479E-01
 2.285330617989240E-01  6.459229917573691E-04  6.482670582886705E-01 -1.624244263078239E-01  1.859333751608887E-01 -4.938198998773947E-01
 4.409604498203550E-01  3.989629677082789E-02  6.465900116229757E-01  8.688273493319639E-01  1.215152151884473E+00  9.175996937414274E-01
 8.541815080657446E-02  3.764436283419315E-02  7.971832409405827E-01  4.890515432827268E-01  4.827042122497207E-01  7.955903135197134E-01
 1.951292742699956E-01  4.427369477148816E-02  7.979039737834527E-01 -1.799463803347269E-01 -6.111745162168838E-01 -5.944307901741636E-01
 3.268733057758820E-01  5.253060558911730E-02  7.719978320336905E-01 -8.986194387533249E-02  1.938053293329152E-01  1.558154517475402E+00
 2.028537802725868E-03  9.209570349898236E-02  7.755194106249030E-01 -4.225612100069190E-01  2.969107094644515E-02  7.653606310537255E-01
 4.062846656982488E-01  5.405930206652625E-03  6.996706661462475E-01 -3.237421308513921E-01  4.630702247075262E-01  3.068886231167907E-01
 2.031266480777930E-01  9.180543353666752E-02  8.283741927998468E-01  4.670964218181656E-01  2.795710848981753E-01 -5.090784236595790E-03
 3.834550148091209E-01  5.390427693880004E-03  7.636760262159914E-01  7.030311651821376E-03  2.176808345802151E-01 -5.763921606859794E-02
 3.799616674756701E-03  3.220846851417663E-02  5.967113971135338E-01 -4.869865573939076E-01  2.809084584545269E-01 -2.579088933976818E-01
 3.026816167710744E-01  1.223653254776925E-01  8.688745207873173E-01  4.344321742536081E-02  4.360071725344725E-01  1.006459340621505E-01
 1.730432064397245E-01  1.656657978612994E-01  8.028693911747334E-01  1.025739985054968E+00  4.393773701704690E-01  4.440143454888359E-02
 2.142479936830270E-01  7.868877518263635E-02  8.877212579847324E-01  2.405325438398991E-01 -9.393826708779660E-02 -1.767418200523342E-01
 1.490881562438415E-01  9.384935685725329E-05  7.035163458385136E-01 -7.679949891689031E-02  9.266792731634156E-02 -1.126439980422114E-01
 3.163273076007245E-01  6.817443877136908E-02  8.096526215186486E-01  4.878753061592639E-01 -3.728206982324618E-01 -6.238160887924390E-02
 3.012002062510508E-01  5.737847713993967E-02  8.511854820016798E-01  2.503207826414391E-01 -2.648444463666314E-01  3.175334424667772E-01
 3.152183333206248E-01  5.313646935711515E-02  6.533023800623821E-01  5.695129145965402E-01  1.004154180531339E+00 -3.994572377235088E-01
 3.749124440131719E-01  3.153094190550003E-02  8.287441547976494E-01  1.806537987750230E-01  6.251336194135505E-01 -4.005100354802749E-01
 1.730383518097133E-01  1.073084749463621E-01  8.585340139375394E-01  5.533113524139617E-01  8.360999558849268E-01  3.867843125125607E-01
 3.353085136198086E-01  1.098705389347235E-01  8.025022518879988E-01  1.114984214309085E+00  4.640520254168942E-01 -2.632793546915836E-01
 1.104508027650032E-01  1.909514871820089E-01  8.512207294698366E-01  7.101429779077524E-01  8.111790801917597E-01  4.013984983747447E-01
 2.977371402767802E-01  9.947096182846475E-03  6.286249683888976E-01  4.581507579636503E-01 -6.992372332528561E-01  3.313639921093520E-01
 1.054026277486706E-01  4.802618899510142E-02  6.716537390622439E-01 -2.979703528532266E-01  6.227644946245743E-01  5.321145026605838E-01
 2.426702096276081E-01  3.285103000851918E-02  7.354510204730645E-01 -1.360397960610061E-01  1.057815825971577E+00 -1.813420471663719E-01
 1.914848318964522E-01  1.028713638673468E-02  6.374002976485535E-01 -8.478493193750640E-02  3.088178814121944E-01  5.765957852611436E-02
 1.171085731967330E-01  1.552277320401611E-03  7.939296593750096E-01 -5.015099942146189E-02  1.623891222457012E-01 -3.085924382656751E-02
 3.272887135676138E-01  5.439330149403791E-02  8.971935847566054E-01 -3.894519149921604E-01 -5.253063253266790E-01 -2.707968646105020E-02
 1.293638070253341E-01  8.116825348153012E-02  6.431392791274747E-01 -5.186131589167983E-01 -4.378748765861711E-01 -2.650693683124053E-01
 5.708732855983672E-02  4.080435725469021E-02  8.258121237470749E-01  2.579899687832738E-01  1.226547049723825E-01 -1.906448351601416E-01
 3.589723377762259E-01  1.566249142475360E-01  9.802330356142550E-01 -1.963313550930328E-01  2.926054853540765E-01 -2.463452854475963E-01
 2.628991964793034E-02  4.024471027436265E-02  6.274950997415719E-01  3.967381327982309E-01 -8.131548320225734E-02 -7.800831648222738E-01
 1.319312706163826E-01  3.042442890410522E-02  7.185510713497723E-01 -7.601273652919448E-03 -1.219745755097876E-01  7.219437123508216E-01
 2.154669293669032E-01  1.846355282076235E-01  7.837455939606318E-01  1.030079618891413E-01 -3.265474413613618E-01  5.529215097733007E-01
 3.834362933421905E-01  4.335672461609409E-02  7.219232462131344E-01  3.219374005815971E-01  5.021657341344884E-01 -1.263739555387625E-01
 5.810782202127511E-03  3.615356530343327E-02  7.451146258342138E-01 -5.347728798702834E-01  3.517805985284174E-01  5.674341379653701E-02
 2.169650544612919E-01  1.203248750766989E-01  7.661831578747719E-01  4.440756110295094E-01 -2.871431674873015E-01  7.846855600719449E-01
 4.513080560091119E-01  1.028201305643356E-01  8.053054673991331E-01  1.182277678138475E+00  5.587269941377108E-01 -4.110354824654379E-02
 2.977501058131132E-03  1.103732588176520E-01  9.078681906514963E-01  4.128497319946257E-01 -2.536072057230947E-01  1.103474399856854E-01
 3.786296680143054E-01  6.480499044550213E-04  7.248748845876896E-01  2.157752194328075E-01 -4.463272167065620E-02  3.084493501440330E-01
 5.690706281690289E-02  1.056000197583420E-01  8.905488616878973E-01  1.148107829095856E-01  2.851264024744365E-01 -7.388697796950000E-01
 9.358615541097268E-02  9.535614549908415E-04  7.283530425742067E-01  1.921724973649720E-01  2.383123923041026E-01  5.063214832297855E-01
 3.892733041922827E-01  1.209391650396687E-02  6.552524258293247E-01 -3.752728347221325E-01 -4.348000457798299E-01 -4.469116275387789E-01
 1.245110837803464E-01  2.004989782852554E-03  6.230201148328469E-01  3.838972662169235E-01  8.003520829154918E-02  4.197557921009016E-01
 1.689640303676306E-01  8.091169134237899E-02  8.961962916327583E-01 -1.257167708910300E-02 -1.125936680412352E-01  5.338292555642014E-02
 2.774726283292835E-01  2.401568693847674E-03  7.254643059544783E-01  3.496822262763483E-01  5.953781597753384E-03  2.406686014484735E-02
 4.711489307835163E-01  1.750858915710308E-01  9.034006198292167E-01  6.170290975580713E-01  2.294404894967146E-01  1.569842852779687E-01
 7.486397999463422E-02  7.875045295704711E-02  8.362692832950277E-01  2.853017572884927E-01  2.937942560647514E-02  6.734049541376582E-01
 1.023233047679885E-01  1.410705293103881E-01  8.665331226954747E-01  4.110788073120903E-01 -4.300298062184976E-01  1.736465983359125E-01
 2.473298956799437E-04  5.681554780107809E-02  7.830185816961009E-01  2.124648272952895E-01  5.628053252234017E-02  4.257406309448643E-01
 2.018921651647073E-01  1.547794931094441E-01  8.715387143571953E-01 -4.888463344684061E-01 -1.109341935139474E-01  2.465756630225150E-01
 8.447965055133656E-02  2.406245231070187E-03  6.446975860120793E-01  4.248798103782949E-01  4.540463377411310E-02 -6.610884359861793E-01
 3.909261736684285E-01  1.545412479796654E-01  9.989555672614444E-01 -1.298100173119938E+00 -8.968646143457535E-01  7.934646716131452E-01
 7.051722450956652E-02  8.035120576671807E-02  7.913683860689427E-01  5.515407878318787E-01 -2.934767095980289E-01  3.328285715297773E-01
 4.158517113098168E-01  4.588468361067113E-02  7.467374625231573E-01  9.613184238267105E-01  1.337588260429840E+00  3.422505334130369E-01
 4.396596726741269E-01  2.282438549624727E-01  9.557352029048706E-01  3.682582398837168E-01 -1.637974511438225E-01 -1.354162672944159E+00
 1.751100439086543E-02  1.204195724822392E-01  8.694858147664831E-01  4.261962922912386E-02  2.810281643252593E-02 -3.141741980556076E-01
 4.004270888580167E-01  7.941499076814416E-02  7.158185190911366E-01 -1.559015152923555E+00 -9.338464737807571E-01  3.281078723952299E-01
 4.501043423612850E-01  1.372357436732679E-01  9.372723080582027E-01  5.128200959901970E-01  1.995051943973571E-01  1.475210959766653E-01
 1.982134943356125E-01  1.060093742747408E-04  6.780966156126069E-01  3.659557156725088E-01  1.123491380047961E-01  1.098688952567216E-01
 2.260903911021407E-01  6.059013670483895E-02  8.232743497295060E-01 -9.508342128369179E-01  7.320519841383063E-01 -3.969354284443598E-01
 4.176898271927077E-01  1.124455921889517E-01  7.179090250558554E-01 -1.022048558570384E-01  8.144689879470238E-01 -4.195926366105007E-01
 2.898123893669936E-01  3.207716104948567E-02  7.816559316524486E-01  5.184060134539537E-01 -2.365364108025136E-02  1.037857695752459E-01
 2.512436779982525E-01  7.789241985283142E-02  7.481735274624781E-01  7.415870892735331E-01  1.488170511270060E-01  4.048743121781203E-01
 2.928718807958774E-01  7.543579351988605E-02  8.832656063308308E-01  8.192755087736531E-01 -3.666597996046872E-02  3.645861572134777E-02
 8.319524131937535E-02  1.072019276664806E-01  9.395908624448182E-01 -2.173404236050503E-01 -2.396272096207719E-01  5.102958521029127E-01
 1.918671224980877E-01  1.296785215782432E-01  8.937332063453948E-01 -1.237355473728440E-01  5.068787319885390E-02  2.515843792202132E-01
 3.552783359410475E-01  7.952867930133349E-02  8.578495583323055E-01  5.072403880060679E-01  7.233611363740122E-01  3.067527937786288E-01
 1.254782985377934E-01  3.111653472431932E-04  6.688637155256389E-01  2.890578232575865E-02  2.748472366369256E-01 -1.960426019997433E-01
 3.137197696794884E-01  7.871542012237109E-02  9.418991925190207E-01  3.792259565090870E-01 -2.319666837150602E-02 -3.353725388473501E-01
 1.624303343521753E-01  7.166076083805617E-02  8.417485036287536E-01  4.414047781927219E-01 -1.784773197443244E-01  6.035649356213635E-01
 2.646191878374057E-01  3.265259909174815E-02  8.315204928606715E-01 -6.406018204246554E-01  3.101737540284468E-01 -2.832569635007288E-01
 4.639372038729156E-01  1.384724879238857E-01  8.746754485541444E-01  2.276781519867819E+00  9.795367438715202E-01  1.210875098476611E+00
 2.563241777005926E-01  6.905077887461472E-02  8.501045460409835E-01 -7.379829980096774E-01 -2.965141597634958E-01 -3.049451542923200E-03
 1.422917416030438E-01  3.016565758400822E-02  8.628923920536279E-01 -3.163909899666549E-01  7.570732955089789E-01 -1.067570104393473E-01
 3.621368795059759E-01  3.923684434136197E-02  7.747277372479938E-01 -8.109142180766827E-01 -1.068267304154217E+00  1.210951371058755E-01
 9.049860944168976E-02  1.911878055712430E-02  7.621595179675923E-01 -3.094408577442036E-01  1.794934253775340E-01  3.683904008314953E-01
 2.769936561787170E-01  1.188723647880650E-03  8.727796645679902E-01  4.921073707055822E-01 -8.391118291261082E-02 -1.660412155040509E-02
 2.648846991504989E-01  1.568264431387492E-01  6.518389505268198E-01 -4.554944892747934E-01 -6.228204669516011E-01 -6.544323397786987E-01
 3.486850880002272E-01  1.146268596424414E-01  8.349058777295023E-01 -4.799532758611889E-01 -1.258703253150663E-01  7.321562680269265E-01
 2.815900546799092E-01  7.058678675085012E-02  9.215403069351482E-01  2.452964955349862E-01 -1.006119950912475E+00  1.302782775325297E+00
 4.157249850178778E-01  3.291171225415152E-02  8.623404042839510E-01 -4.502669614563427E-02 -1.407417697971566E+00 -1.032353764797843E+00
 4.677858822062196E-01  6.621020307832150E-02  8.152482909180212E-01  8.302911206950863E-01 -3.527531887947368E-01 -7.025202486215651E-02
 3.676106797718613E-01  1.190402019027500E-01  9.768977322226544E-01 -8.031696819148766E-01  1.736300361153397E-01 -5.527631868350824E-01
 1.256694967190918E-01  9.471518178277553E-02  7.550492279394729E-01  3.956805588723800E-01 -7.494887851719465E-01  9.036940007215116E-02
 3.982373620073770E-01  8.034723694826412E-02  8.943671192359821E-01 -4.856445644799707E-01  1.077504404465136E+00  5.565243821681560E-01
 4.790533633121739E-01  8.964851490790346E-02  8.921375582552216E-01 -1.931718152564702E-01  7.099907425155104E-01 -3.150024606957160E-01
 1.377926036265889E-01  1.541693601306264E-03  7.474255649915135E-01 -3.626869637801657E-02  8.251944117599973E-02  1.612602256693026E-02
 2.029937567789921E-01  4.329943048164089E-02  7.217577036262083E-01  2.660215285423530E-02  1.159197234024586E-01  4.445128621608166E-01
 1.421120368552319E-01  1.060037551739032E-01  9.942447150355401E-01 -2.613198377150809E-01  2.149023433454693E-01  2.531763975573892E-01
 4.492027136270654E-01  4.342481913931586E-02  8.805386142133439E-01 -4.283894635880006E-01 -2.452808477271969E-01  9.299420222387018E-01
 3.119209889941587E-01  5.544789525592410E-04  7.979136083097346E-01 -4.190284348660661E-01  2.444515843615451E-02  4.195911818370515E-01
 2.974368813516509E-02  1.339203462324593E-07  6.031039367847094E-01  3.662721428962187E-03  4.455624600873209E-03 -4.750213782765932E-03
 2.629410896802990E-01  1.126232471517832E-01  9.460154215241237E-01 -3.001995879078653E-01 -2.058674964718341E-01  6.983912537871102E-01
 2.077893918154257E-01  2.125683120112828E-01  7.618481795822739E-01 -9.666868617943136E-01 -7.646346535437095E-01 -1.317525706318420E+00
 2.162587021477194E-01  5.762112279882615E-02  7.725591939908654E-01 -3.088266486191232E-01 -6.186674967804970E-02  9.603822454783535E-02
 1.119922880467758E-01  1.501754637782749E-01  9.421583100380277E-01 -3.599421093629537E-02 -9.795629622152915E-01 -5.445865781255771E-01
 3.722250462098567E-01  3.499106008321157E-02  8.938912564120426E-01  3.304428239311473E-01  9.415522366292162E-02 -1.532597454652553E-01
 9.035142874968996E-03  1.389777390926497E-01  8.427546310874129E-01 -1.104266638734167E-01  7.652074408030860E-01  8.281288479109254E-01
 1.096324562111183E-01  1.013347890384235E-02  5.902554082462839E-01  3.554420275558189E-01  3.564366719981400E-01 -4.044482035659242E-01
 2.979585762121112E-01  4.690879780496694E-05  7.598761853617371E-01  2.032899660467254E-01  4.090163352295650E-01  1.996268533622570E-01
 1.592550182193801E-01  1.299679743317652E-01  9.568091265614321E-01 -3.717263998446846E-02 -9.384648658178814E-02  5.228736163332918E-01
 1.906100676147461E-01  4.610518930742615E-02  8.829131465402724E-01 -4.244070557431154E-01 -2.112704476464670E-01 -1.766159551800566E-01
 3.062115523422521E-01  3.810489525292298E-02  9.306793934752103E-01  4.185818605825123E-01 -6.993167400874922E-01  2.937820894583730E-01
 3.677522445070026E-01  1.091591516702863E-01  8.740460853184299E-01 -5.316538227154104E-01  9.617585487587840E-01  1.663694289180601E-01
 7.765378795297179E-02  3.685656627088318E-02  7.056583370218289E-01  1.401386774286075E-01 -6.339776025515372E-02  9.708807528423724E-01
 2.651728306385030E-02  3.749837971670428E-02  8.597660225109344E-01  1.128333596042748E-01  2.548954153583972E-01  1.425287654467288E-01
 4.179927598961679E-01  3.273007806705121E-02  7.850704823282566E-01  8.431628224118287E-01 -1.425815616214491E+00  1.260333890021149E-01
 2.012053224147995E-01  9.966240788709138E-02  9.894601095796286E-01 -5.044621838348291E-01  4.076024794048032E-01 -3.771427209354566E-02
 4.744325901853600E-01  2.807247813974796E-02  7.418169741990261E-01 -1.896812180221356E-01  2.355934320149360E-01 -7.876208716310723E-01
 3.488959906010573E-01  2.431635558577485E-06  7.874289069468217E-01  4.191643936750039E-01 -1.520967710866272E-02 -9.538867663906953E-02
 1.905869524785835E-01  5.445919708105449E-04  7.957732258390331E-01  3.374706902923095E-01 -1.226589349394253E-01  2.576879848997841E-01
 2.521329534366357E-01  1.956257929812569E-02  6.928767805483799E-01 -7.553229272609486E-01 -3.342150427754852E-01  1.057346943351423E-01
 2.620659853806130E-01  1.557402701819992E-01  8.222591547004233E-01 -5.224450100672786E-01  6.618933610342899E-01 -1.140496108129713E+00
 4.399299071392740E-01  1.363486312726291E-01  9.913973979222851E-01  1.892613225520823E+00  3.049319073164709E-01 -1.743220660302889E-01
 4.072000650612469E-01  5.433337747548274E-03  8.328211385671669E-01  7.388193062993668E-02  6.815362769503880E-01  2.677745659173908E-01
 4.433313277492418E-01  2.426767871559106E-01  9.852572909683274E-01  8.913717607678379E-01  3.650116957839023E-01 -9.598594743823355E-02
 3.266912358139339E-02  1.019041595284397E-03  8.200767380816676E-01 -7.202903019324861E-04  4.605313398770542E-02 -1.838093457762133E-01
 2.027390278681439E-01  9.632217680381104E-02  9.282420687951447E-01  3.193601589517681E-01 -3.024571810578215E-01 -2.645569712824731E-01
 4.841238981988034E-01  3.728497971989311E-03  6.395022651613486E-01  4.487461436845420E-01  2.006908392840236E-01  5.029755473212987E-01
 3.710414798427275E-02  3.748350289811473E-02  7.872562971558890E-01  1.269294164225499E-01 -5.962044154366686E-01  8.892972479396236E-01
 2.498946108127223E-01  3.898077178906166E-02  9.092813807734650E-01 -5.742795197442722E-01 -4.389511681059435E-01 -4.802252101531680E-01
 4.106893912444119E-02  5.840875661977386E-02  7.549416819375686E-01 -1.664275802469477E-01 -3.396092479703798E-01  2.571311167839143E-01
 3.383850603802899E-02  5.369325981391307E-03  6.520263013278746E-01  7.740717203204385E-02  9.078211859150691E-03 -6.383656194097345E-02
 3.910213954058975E-01  1.283117266041788E-01  9.160558987940806E-01  5.709725949103890E-01  2.179519004678932E-01  1.036454308873782E+00
 1.273942391708270E-06  6.034776849110604E-02  9.604805378771877E-01  3.919738279012235E-03 -1.606945171463618E-02  5.805439411947817E-03
 1.146792357785215E-01  1.313654606733704E-01  9.130237326576106E-01  3.839445877426616E-01 -9.109635848647758E-02 -2.932953422777449E-01
 2.880630353990944E-01  8.701276845824900E-02  8.085752139857092E-01  1.245717066551258E+00 -4.455652067905704E-01 -5.321347590824741E-01
 1.227089311219207E-01  3.744197847559779E-02  9.442422418870490E-01  3.178207522032328E-02 -4.442374910838251E-01  3.084809849011359E-01
 3.322269178690737E-01  3.192001786910425E-02  8.505029283594533E-01 -2.014834721231340E-01  3.649420160444626E-01 -3.937226951890103E-01
 1.393872020205286E-01  1.537610267246667E-01  7.710093944650193E-01 -6.285113156508033E-02  1.487381429109650E-02 -3.632432527226129E-01
 4.405724395689564E-01  8.833545428712977E-02  9.558239258265143E-01  3.789598687397456E-01  1.111828654500402E+00  2.815535340599737E-01
 2.293227054560378E-01  6.139745602291400E-02  9.615424771115744E-01  8.532300745797040E-02 -5.910018978682979E-02 -2.810994620438025E-02
 3.637999816210554E-01  8.201876770219933E-02  9.613773260494720E-01  3.234824081797739E-01  5.199821718273538E-01 -1.388745935287616E-01
 1.198451754638132E-01  8.044195821184234E-02  9.317775606362174E-01  1.229083027366052E-01  3.385252069198035E-01  4.341124417082869E-01
 4.442580298312421E-01  3.515962668442685E-01  9.731615097748313E-01 -6.286398958675010E-01 -2.997372098242951E-01  9.819877622777499E-01
 1.395524709442960E-01  1.746470529883701E-01  8.021489267766911E-01 -2.263256540122596E-01 -2.613129670782807E-01 -1.564560541915881E-01
 1.023132067701426E-01  3.684468823828371E-02  8.506487958627059E-01  1.124464225131178E-01 -1.442831230459799E-01 -2.726395384013052E-01
 3.439711888970734E-04  3.696923924226565E-02  7.032591453964384E-01  6.096835030828668E-02  4.481997520556543E-01 -4.632087531583774E-02
 1.627865138995120E-01  3.960944263343573E-02  9.085901885753338E-01 -6.590352475358736E-02  6.736851130122756E-02  2.270162629970233E-01
 4.844746130399254E-02  1.641010805363270E-01  9.294928018187161E-01 -3.848336724410414E-01  4.364770393251546E-01  5.249655733935400E-01
 2.050735521214317E-01  1.569698502121923E-03  7.552527850036382E-01  3.629578738696304E-01  1.560286403951143E-01  4.925290226397687E-01
 1.621552942107135E-01  4.072775374572341E-02  9.586769349566678E-01  1.219477563598652E-01  4.749158138232113E-01 -1.058078603727490E-01
 1.870505692333916E-01  1.293557076590595E-01  8.329287434647864E-01  1.739483045741359E-01 -8.663263103109888E-02 -8.057032256702636E-01
 4.728772121563161E-01  2.399384123738373E-03  8.414906794078829E-01  1.269253900604520E+00 -4.080850624423897E-01  6.708843052470614E-01
 2.273074330554693E-01  3.395265320052709E-04  7.180264374120339E-01 -7.700590971490394E-02  3.932422471734106E-01 -4.280852215131035E-01
 3.875903807395374E-01  1.154280664746056E-03  8.008014157740353E-01 -2.502488405150745E-01 -1.203971604649080E-01 -3.026842793486950E-01
 9.409692328633711E-02  3.798904553704927E-04  6.847971254217786E-01  5.372908702578415E-01 -1.165518547084726E-02  4.176340524938887E-01
 1.209375592342164E-01  7.281045482467065E-02  8.727802670684393E-01 -2.588083223426015E-01  3.742433773608809E-01  2.470237753331490E-01
 6.556378960710860E-02  1.498984961933872E-01  9.001773100749967E-01 -6.845346801711527E-01 -6.757372607431538E-01  1.503522773748290E-01
 3.436224915357911E-01  3.224635150202483E-03  8.275169930781336E-01  5.186246045040593E-01  1.368176466609393E-01 -1.151314335501436E-01
 2.536375061816502E-01  4.198212519659739E-02  9.909577077646632E-01 -1.602160841434422E-01  2.322361702813318E-01  5.255486840179570E-01
 4.363840548829714E-01  7.879072181853125E-02  8.335799955184700E-01  4.922259789829257E-01  3.518396901665458E-01 -1.257755554450686E-01
 8.364962999767651E-02  9.579415129035558E-02  7.155561474275941E-01 -5.306141464658684E-01  7.363388946430464E-01  7.441588298855832E-01
 8.355303103485291E-02  2.867813986994196E-04  9.234201922493397E-01  8.063367164403592E-01  1.011529833405240E-02  1.239646867948549E-01
 2.971592566228162E-01  3.075465651162707E-03  6.931726916970818E-01  6.098846721177673E-01  2.031402366509820E-01 -8.031972553858984E-01
 4.715712900917948E-01  9.273568379496315E-02  9.371110305217923E-01 -9.906798001879422E-01 -2.158371281846396E-01 -3.672182743693556E-01
 1.782046403446438E-01  1.400913943649463E-01  7.741181101732552E-01 -4.569370803991633E-01 -9.698116438666742E-02  1.277025095360588E+00
 3.666558770741824E-01  1.544383732295852E-01  9.187455642876780E-01  1.045621012038316E+00 -1.163598387102784E+00  9.356013323073170E-01
 7.591329734093759E-02  7.855270645944218E-03  8.834489701040575E-01 -1.914780600553606E-02 -6.835262034227695E-01  2.728899060675083E-01
 9.598913581770707E-02  9.092384315125593E-02  9.696583324417879E-01  3.887375684749252E-02  3.304285818678489E-02 -4.613457049597701E-01
 8.293791533908584E-03  7.632296766342593E-02  6.445569007392112E-01 -1.977433110505747E-01  4.521386902372687E-01  4.189589710095274E-01
 7.223691318328768E-02  1.481418922890590E-01  8.075511146873120E-01 -4.673524785872932E-01  1.251242792076439E+00  2.270237197466356E-01
 4.369145298877614E-01  2.925554645672934E-03  8.575273240965234E-01  8.912522763706072E-01 -2.081390664733352E-01 -4.484721513855150E-01
 1.943073707092516E-01  3.316470709939019E-02  9.398327633373901E-01  4.973602862929555E-02 -1.099254000830280E-01 -1.081030162144105E-01
 4.154983996772805E-01  3.591835014497195E-02  9.993920342548431E-01 -2.531656295128564E-01  1.252219704023518E-01  6.426442669467800E-02
 7.331973153971745E-02  5.263686950188989E-02  8.729125843041503E-01 -3.318770079669048E-01  1.321695740767181E-01  1.345452863770118E-01
 2.395312785228614E-01  2.865845669751779E-02  7.915223365191389E-01 -1.979992268438487E-01 -3.512934182822105E-01 -3.411174363568906E-01
 4.351703047647692E-01  4.146451671535597E-03  7.767350745403973E-01  3.669958968837050E-02 -3.955308712771718E-01  1.845360224211047E-01
 1.282426093212310E-01  3.082572035411896E-02  7.757595185953180E-01 -8.471072306863525E-01  2.525344461836512E-01 -2.744934464870524E-01
 2.428264537927598E-01  8.284697285342336E-02  9.172821605546482E-01  4.045279445206593E-01 -2.362327589936942E-01 -6.089593300966399E-01
 8.981856432988208E-02  5.379859625691899E-02  7.335024143525268E-01  1.534655512724735E+00  5.654623799337378E-01  6.217856943502496E-01
 1.250408855055255E-02  1.062205627015851E-01  8.115786377351842E-01  1.411962488746472E-02  3.044738411880504E-01  3.219065128652919E-01
 2.476060010906716E-01  9.815376905631826E-02  8.834606604686033E-01  1.445204754280945E-01  1.257308510762793E-01  1.026111732783338E-01
 3.453939123470733E-05  4.552693721142566E-05  7.628990783881151E-01  1.391216381745349E-01 -7.752887963482787E-02 -9.013232441524760E-02
 4.042663010193404E-01  5.349690373235901E-04  9.347398665342508E-01 -2.735705469774007E-01 -3.283115244298302E-01 -4.719021922127337E-02
 2.917648976419793E-01  3.620744179358271E-02  9.969419086009743E-01 -1.031572502808464E-01  2.555067204249490E-01 -2.953646501429671E-01
 2.635258135477220E-01  1.532273973340910E-01  9.629429457092697E-01  4.575299895191301E-01 -4.525013295534143E-01  6.360040716854287E-01
 4.499720981163010E-02  1.241628338199792E-01  9.217496290333675E-01 -1.067282621044273E-01 -1.282091637052473E-01 -1.165858123189531E-01
 4.241375268699037E-02  8.002045585425387E-02  9.759434679946413E-01 -2.722154258417495E-01  2.815289425524415E-01  1.881647020000676E-01
 4.067931049896780E-01  8.964812153040781E-02  9.990353732938734E-01  5.123162137611609E-01  1.642430230196199E-01 -8.530256817807386E-01
 5.796504278104613E-04  3.752330269262528E-02  8.298707920302995E-01  1.385795082091943E-02  2.205102649472686E-01  2.319333675104287E-01
 3.619846806157122E-01  8.327076462886215E-02  9.071873169264680E-01  4.320073518986284E-01 -5.707199592763656E-02  4.627772970219374E-01
 1.990353291528497E-01  1.856206209537659E-01  9.315260204179179E-01  6.807682903077555E-01  2.165424701940928E-02 -1.246771409311950E-01
 1.709797396685109E-01  7.026863767762806E-02  9.990033139011076E-01  2.836361048244415E-01 -1.703890146182430E-01 -2.590435090761514E-02
 1.583965387223937E-01  3.637508563777539E-05  8.124207649901215E-01  2.488775396775087E-01  2.880701932055988E-01 -1.277099919845721E-01
 6.483664178689648E-02  3.633292014977475E-02  9.431327727366401E-01 -3.256534654988960E-01  9.367471900921436E-02  2.700466052709564E-01
 5.732547232555003E-03  8.424496059367705E-02  8.787326826497329E-01  6.098035039328322E-01 -4.284977468151140E-01  8.674476264206422E-02
 3.853523880313308E-01  4.997817450521659E-02  9.303882349689915E-01  6.196428722907589E-01  4.565041380206075E-01  6.821758622060237E-02
 3.596565523128113E-01  4.283165587629914E-02  9.695491674519835E-01 -8.228618578145701E-02  1.012114828803468E-01  2.364014670734091E-01
 4.871907138896732E-01  8.326649577821021E-02  8.428981427250343E-01  9.893769930664500E-01  2.576253297863570E-01 -3.806090947657133E-01
 1.977120210018116E-01  8.440815609569420E-04  9.015971607962895E-01 -4.571741292637793E-01 -5.026096478624255E-01  3.766434882532208E-01
 3.402905749166319E-02  1.367275852306628E-03  6.922957994996229E-01 -1.278547384634589E-01  1.968426864188359E-01 -1.134221100703748E-01
 3.597036747729056E-02  1.661070494359578E-01  7.089567731249744E-01  5.431538569096300E-01  5.995965614134668E-01 -8.631660111853406E-01
 4.667113370070000E-02  7.909831184460334E-02  8.582163869239507E-01 -2.043440726782177E-01 -7.024671803068185E-03  1.174884987139205E-01
 7.470086201949144E-02  1.229401225909663E-03  8.042659117885813E-01 -1.390561001513392E-01  3.120405333821004E-01 -4.015666942453107E-01
 4.071731328298477E-01  3.081810416045326E-02  9.627936372328318E-01  5.005479496322097E-01 -2.105205164192950E-01  1.764288527559485E-01
 4.103160032343918E-02  1.994247401236565E-03  5.394686489445299E-01 -8.132697622121668E-01  4.483363504257665E-01 -7.846481084031945E-01
 4.245062086612917E-01  8.572515028123601E-02  9.179915517514993E-01 -8.089957471057313E-02  7.913732508773003E-01 -5.952277543657702E-01
 1.883528647573930E-01  7.969826106128411E-04  7.203920862731177E-01 -2.053315833095995E-01  6.041149755848228E-02 -3.865454508044106E-02
 1.332692900103206E-01  4.304256811702550E-02  8.154877959486503E-01  6.002655842704012E-01 -3.614703589724339E-01  7.940730263085525E-01
 4.130899242698882E-03  7.725332602141724E-02  8.361501988422185E-01 -4.164510376550763E-01  1.546612956892267E-01 -2.057191598491089E-01
 2.396915963176964E-01  3.389705747586143E-01  9.790516168724930E-01 -1.965719927382881E-01 -1.153727965417806E+00 -2.368271946402905E-01
 2.860019844057588E-01  6.299045025349181E-02  9.648011438220737E-01 -7.901725842337538E-01 -4.282966467598971E-01  2.365357760498800E-01
 1.897832286115607E-01  1.820059114355093E-01  9.659742443803875E-01 -8.841127853625679E-01  5.390253306845684E-01 -4.801670249910830E-01
 6.859338882882868E-02  1.519177289823700E-01  9.678350689698912E-01 -2.487144930083342E-02 -5.286882298403545E-01 -3.563581026775396E-02
 7.871962453445190E-04  1.610441917688806E-03  8.879638728671529E-01  1.324631298127959E-01  1.720827147589522E-01 -2.156867600288324E-02
 8.588738663284647E-02  4.824207806019644E-02  9.088701159230372E-01 -1.757475986684817E-01  1.924367317338944E-01  3.351932962305846E-01
 2.441220969686591E-01  1.002598976016975E-01  9.804918517442698E-01 -6.503215666704373E-01 -1.552553155644395E-01  4.624924471288928E-01
 1.885711590887173E-01  4.172062492062797E-02  9.895437683062835E-01 -3.191399735656812E-01 -3.742784303075390E-01  7.350164253155879E-02
 1.206635881491794E-01  1.288018628548817E-04  8.341506305798351E-01  2.793231677001417E-01  6.685109781188762E-02 -7.752359260789622E-02
 4.626051464444988E-01  1.752200338025371E-01  9.368817889692290E-01 -6.362947822409803E-02  2.255815787311213E-01 -3.736417274499727E-01
 3.758542848934023E-02  7.453212499993760E-02  9.019101975872478E-01 -4.019450392531100E-01  8.529215984191381E-02  3.044202703856281E-01
 3.128305394973613E-01  1.059324064050804E-01  9.967436098347893E-01  3.725734287814185E-01 -3.326091505158332E-01  1.131017264591252E+00
 1.052963130099603E-04  1.119683155688069E-03  5.069161680654587E-01  2.880203944387356E-02  2.654489895929298E-01 -1.174204271705349E-02
 1.838497015239339E-01  8.688394506284962E-02  9.556293753915610E-01  9.928820859721114E-01  5.272121151177074E-01 -2.132844880916906E-01
 2.893731331853739E-01  3.053697415067304E-02  8.969658635134782E-01 -5.320429043235635E-01 -5.100766956622992E-02 -1.076932625494410E+00
 3.641096564954482E-02  7.235654346315257E-02  8.073802706590383E-01 -3.968951754692214E-01  1.121081992694256E-01  3.055883076357566E-01
 1.074089319440497E-07  2.115319656131436E-02  9.999998308748304E-01  3.083764440973194E-03  1.992796233718705E-03 -4.552258216352536E-03
 3.431422547399606E-01  9.194174222392300E-02  9.948211678327685E-01  3.648471362753309E-01 -3.473054603709280E-01 -6.132415911216409E-01
 9.721805320730526E-02  9.231377518277961E-02  8.919806655503261E-01  1.462401545676064E-01  3.883159404213518E-01  2.742531996186164E-01
 2.721249826567001E-03  1.658037512707539E-03  6.289593207646144E-01  1.524347419292943E-01 -4.904368132436646E-02 -6.395234697041163E-02
 2.494622911704128E-01  1.918428958838633E-03  7.720618718181599E-01  2.160046990912913E-01  6.309971347299386E-01 -1.030495900540782E-01
 4.551567465324445E-01  2.200691872949764E-02  9.111821413048063E-01  4.525182329287124E-01 -1.036565377533756E-01  2.323651587169124E-01
 2.219721143042165E-01  1.910158531980154E-02  9.678665190412775E-01  1.018136690511307E-01  8.568251402132146E-02 -3.880706445963237E-01
 8.154953800601607E-02  3.173574349070942E-04  8.433199769282436E-01  7.816184031055012E-02  1.299090621745908E-01  1.788051263860366E-01
 2.425549179502973E-01  1.466529135850546E-01  9.977339755554885E-01  3.490857346003278E-01 -1.085059231748940E+00  6.048630992522182E-01
 2.833424889527847E-01  7.900497655063317E-04  9.286164874778476E-01  6.025044244981364E-02 -4.658705997166553E-01 -1.250934734544611E-01
 3.205286178900485E-01  9.944930270842111E-06  9.128322869053681E-01 -2.057287849818641E-01  4.153759180052650E-01  1.907562479044757E-01
 2.539767589189838E-01  2.198820454433542E-01  9.478004829874015E-01 -1.669743773962711E-01 -4.537709442925935E-01  7.181133360358488E-02
 2.992827159420324E-01  5.784582314572753E-03  8.429465211277707E-01  1.590848209037796E-01 -2.361306095675836E-01  5.490786575239995E-02
 3.144185391664623E-01  1.926794661348850E-01  7.588593274058899E-01 -3.670785581127696E-01 -7.405446850454017E-02  8.803356828579051E-04
 5.049420373222549E-02  1.474412646493625E-01  7.758541517585789E-01 -4.256289790085160E-01 -5.158326159276831E-01  3.541366757364354E-01
 2.946593871922161E-01  1.571101989791117E-01  9.946072607137607E-01 -4.804774385124251E-03 -5.242252027480677E-01  2.978692478721758E-01
 2.560657290282540E-03  4.225073420837950E-02  8.901100709583373E-01  2.028601936346168E-01  4.700705006307254E-02 -9.416036367515747E-02
 4.432509465141838E-01  5.202489405185985E-05  9.432347501241317E-01  4.761867381135704E-01 -4.662868895701849E-02  1.723189697962373E-01
 2.769939422857202E-01  9.411645821243369E-04  9.987498971165518E-01  9.544196353707658E-02  5.145958300577694E-02  6.197511197151012E-01
 3.951806944927304E-01  1.734525614270022E-01  9.702954793270131E-01  4.954510270463956E-02 -6.736697363390841E-02  8.154126466495909E-01
 4.941459596341257E-01  6.220853754000143E-02  9.349660572056223E-01 -5.653856441895588E-01 -1.015895305307301E-01 -1.106668175020128E+00
 1.209421582027283E-01  3.481508786753774E-02  9.001865732491243E-01  2.461153199031781E-01  4.815119581279663E-03 -7.332150312350125E-02
 4.663937603071122E-01  1.191099176329373E-01  9.990269909614469E-01  8.154254586533338E-01  3.882060978406012E-01 -1.152429968719034E+00
 4.326462474530116E-02  5.387642563545360E-05  9.186731767222144E-01  3.225155814642734E-02 -5.480660144470296E-02  4.809872100295174E-02
 4.374180873650282E-01  2.459493040588870E-04  9.997295058169309E-01 -1.204473937619846E-01  2.636770458234051E-01 -1.582353523320344E-02
 1.229575629443180E-04  1.465485263857016E-04  8.033628189364227E-01 -8.294595474434509E-03 -1.533644306828516E-01 -2.765673470251937E-01
 1.379055174070478E-01  3.086775355573687E-03  9.628108591948121E-01  6.254272125957730E-02 -2.807142570366727E-01 -3.492153876892055E-01
 3.363452771664651E-01  3.951554863659251E-02  9.991115963973753E-01  4.823967443909799E-01  2.157544141327675E-01  1.095598803237674E-01
 1.077748502604493E-02  1.045288594567662E-01  9.620823727657669E-01 -4.118458486597221E-01  2.578015065699286E-01  6.405688799069272E-03
 4.377548210297356E-02  2.464628497222045E-05  7.743727482952010E-01 -2.953449739649286E-02 -1.535930367719189E-03  1.037694530287384E-01
 1.124995284666975E-01  6.348326563500728E-06  8.739909401788348E-01  7.081874127176016E-02  1.618129157812293E-02  8.643581334540688E-02
 3.294371912253909E-01  3.913278688023139E-03  8.762524080831802E-01  3.091255791043430E-01  6.733265092296364E-02  4.061768938671929E-02
 5.812142772094901E-02  7.424821489677173E-02  9.385521831122908E-01  3.123413622086648E-01  5.447569831846880E-02 -3.324239009100614E-01
 2.435979898563572E-01  1.431109587010886E-01  9.273112136987884E-01 -5.578922761895310E-01 -2.634548289392629E-01 -8.582826679079182E-01
 1.421168743262909E-03  1.976990005032481E-03  6.778757926419907E-01 -3.272386690595776E-01 -2.266182991806847E-01 -4.501382736177077E-02
 9.550008828043533E-04  9.034837075958235E-02  9.996785174730487E-01 -7.681946611312611E-02  5.521095780529183E-02  1.102578606608211E-01
 4.399154218417436E-01  7.822770931620772E-02  9.989384249913502E-01  1.936334563788175E-01 -8.151862420269398E-03  4.008721821118285E-01
 2.626599040806916E-01  4.026349154232281E-02  9.454577855554123E-01 -3.791686664803088E-01  1.601715019429913E-01 -2.729978186955580E-02
 2.036981148957857E-02  1.223064699395469E-01  9.942489919205244E-01  1.524666252919912E-01  1.062456169669064E-01  3.392176025582975E-01
 2.126508196679601E-03  6.000495585861932E-04  5.731431955171016E-01 -2.303485535573295E-01 -1.040168988524133E-01  1.543164387822051E-01
 3.020657752958272E-01  1.008667270092195E-02  9.628095583342818E-01 -1.795723170369373E-01 -5.094385172861812E-01  9.101375678571665E-02
 1.792560101972245E-01  4.233362314511211E-02  8.379810036493266E-01  4.549786194347503E-01  2.512352483933024E-01  3.293241922327506E-01
 5.647105161871341E-02  1.170599308830001E-01  9.684742474204774E-01  6.200048901658040E-01  6.433576054196232E-01  1.028192298563000E+00
 1.643623807278662E-03  7.542250253826004E-02  9.274534641329173E-01  2.807599541983522E-01  1.204803246141645E-02 -5.752469281393882E-02
 3.523241148960184E-02  2.180444120222022E-05  8.706480804980629E-01  2.770719854394069E-02 -2.959131595647644E-03 -1.266105174633958E-03
 1.515752391061196E-01  1.581732284228592E-01  9.718802693873408E-01  2.598145148208319E-01 -1.927302774723076E-01 -6.461244176914814E-01
 1.677033918159779E-01  5.431250053076117E-04  9.280676603323909E-01 -2.674642515244830E-01  2.403261934094199E-01  8.619012086687042E-02
 2.091869151172304E-01  7.048015463960845E-03  8.606088710942508E-01 -2.606904901561277E-01 -8.505685812973202E-01 -8.878338204344705E-02
 4.307105796641451E-02  3.293254045612555E-02  8.989259671034837E-01  2.156612797284048E-01  1.249543002270592E-01  6.764140096940498E-02
 1.488894225292624E-01  1.013814353522640E-01  9.165804636249941E-01  9.117902406078300E-01 -9.553704438034503E-01 -2.747497071989789E-01
 3.367810968815403E-01  1.177702004213041E-01  9.142742463520287E-01  2.598838754685324E-01  9.168140836349565E-01  1.017417446150983E+00
 4.860946203308692E-01  1.202154140377378E-01  8.539856404344096E-01 -1.714141273915751E-02 -9.137039920084221E-02  1.204932173813013E+00
 2.250142667214023E-01  1.721710579731511E-03  9.264272155369245E-01 -2.613011483269052E-01  7.512176613203328E-02 -6.606454490568729E-01
 3.375081969236440E-01  4.389987268254733E-04  9.505659413257805E-01 -5.563552159152258E-02  3.229523656847024E-01  3.280411685781241E-01
 4.447940073963043E-02  2.425382032597067E-04  9.592819990346105E-01  3.521600538571724E-02 -1.464502882385887E-01  3.348351715843004E-01
 2.797492664688305E-04  1.191616430500810E-03  7.241991105624922E-01  7.945976554287738E-02 -1.288864928088334E-01 -6.368735100071903E-02
 1.196925596009236E-01  2.040989150018478E-01  9.119296547570013E-01 -3.734954007600566E-01 -8.352186947845294E-01 -5.148935597379243E-01
 4.192855618558847E-01  1.564007589569616E-02  8.991528824976096E-01  5.012785963608642E-01 -3.543280102580663E-01 -4.537164748944321E-01
 2.158904108419047E-02  3.079528505932150E-02  9.424953284272467E-01  1.668382502377049E-01  1.974659756959470E-01 -1.769111714661371E-01
 2.609683505123537E-01  2.347699199204945E-01  9.769543175557884E-01  8.070409815210082E-01 -5.201674126935870E-01 -2.553555759667178E-01
 1.705262779629998E-01  2.404643365198605E-03  8.504213536258133E-01 -3.302288132236584E-01 -2.435407648990206E-01 -5.814334515304853E-01
 1.122066046437607E-01  4.606143484066607E-04  9.999435275947073E-01 -1.696086887232502E-01 -8.587558054660815E-02 -5.571297668419253E-02
 4.821308664526190E-01  1.006628162124445E-01  6.932873515835994E-01  1.237531726607765E+00  1.142702737715739E+00  9.371473926869504E-01
 1.821635831049947E-01  1.295876039992256E-05  9.651480976128007E-01  8.712120554904895E-03  1.689934487289915E-02 -1.281628701771215E-01
 2.714319322476869E-01  5.830876893577776E-04  8.109575878374075E-01  5.264789497518515E-01 -1.219714645554412E-01 -4.547901919521845E-01
 3.491511526500956E-01  1.998807404885694E-01  7.633842506379309E-01  6.528917020283381E-01 -1.425664258882236E+00 -5.839923424421094E-01
 3.591448386993052E-01  7.319114569001606E-03  9.184039379570265E-01  3.616416255987671E-01 -9.611716412901990E-02  1.701793308742185E-01
 2.395639552683719E-01  3.598968902262888E-04  8.889593498166480E-01  4.644320751263582E-02 -3.295419327140385E-01  7.230973920574550E-01
 1.377597887642625E-01  1.835900171187032E-01  8.697008182733014E-01  5.806918531689653E-01 -3.254284899000693E-01  9.117928191426146E-01
 3.722401780035787E-01  8.361121809247528E-03  8.692008226361633E-01  9.157588805037586E-02  1.372828980169420E-01  8.045282862325253E-01
 2.553732239431554E-03  8.088603170599155E-05  8.457414580437147E-01  2.084720453831355E-02 -2.855534684182368E-03 -1.059011407723041E-01
 9.730234883138179E-02  3.769319170487503E-02  9.728123020332989E-01 -1.065306432666593E-01 -1.649075210442610E-01  2.014679926620273E-01
 9.172538830060510E-02  1.838759984741966E-01  9.108567270373937E-01 -1.408551250723307E-01  3.860095845735401E-01  2.390593445090394E-01
 1.193084854288425E-01  1.478497325484689E-01  8.362562346658621E-01  5.942140974269409E-01 -5.481905459963921E-01  4.744468583542478E-01
 6.058930873565068E-04  7.905494288521337E-06  9.295998115126031E-01 -1.108795599903576E-01  5.219205178282479E-02 -6.540725037972009E-02
 9.148913787179080E-02  5.093785457640868E-05  9.623752442608160E-01 -6.545802287787165E-02 -2.531363592434164E-01 -6.052136028845284E-02
 2.478860313044033E-03  3.325970089444246E-07  9.682930733803825E-01 -2.137436992405169E-02  7.557978500409354E-03 -2.060380220807735E-03
 2.344088490270060E-01  4.059309967919270E-02  8.598009317848674E-01  3.659185847300780E-02  2.848933174391362E-01  9.343587733277918E-01
 2.035281594674982E-02  5.571748227685503E-02  9.997100242659432E-01  3.327110457756196E-03 -1.756257289971152E-01 -1.941930202550964E-01
 1.540541383841836E-01  5.181125741792660E-04  8.867495859462236E-01 -1.308321796872522E-01 -2.680211471754129E-01  1.485657007511409E-02
 3.207710387783669E-01  1.634819564480605E-03  9.997063322793236E-01 -3.053388675470574E-01 -2.558006235923342E-01  1.369368627806544E-01
 3.248027648708933E-01  1.457090002582476E-01  8.871098222994561E-01  6.149006480960879E-01  2.789121999369479E-01 -6.866022993811520E-01
 1.193724963494178E-01  1.328915780493923E-01  9.885521745651346E-01  5.269805411878553E-01  2.577461339181600E-01  9.819258049193023E-02
 1.312276779474920E-01  7.464868542508735E-02  8.029851196879700E-01 -3.119883394090234E-01  2.632304889969826E-01  1.264289959332560E+00
 5.500069475264193E-02  9.078689841877510E-04  7.388828509148047E-01  2.569299916829885E-01  2.792299686185356E-01 -7.305278985267875E-01
 1.148184809926636E-01  8.911799917830233E-02  8.384509774051427E-01  9.529960002299303E-04 -1.125541615880507E-01 -3.555497844806383E-01
 1.365471090716755E-01  3.211127554189266E-02  9.998434255536329E-01  5.634153040138769E-02  3.177506182770291E-02 -7.983746308378871E-02
 3.772738655065773E-01  2.467507874511114E-05  9.634318634794184E-01 -4.519363006489552E-02  4.508719504423219E-03  3.746175567486597E-02
 4.674653069812957E-01  2.504645731091509E-02  9.923183763812166E-01  2.932677017567955E-01  3.374816063612159E-01  4.487243344721916E-01
 3.765203550854532E-02  3.870395043132294E-02  7.204204662729999E-01 -3.004975649984232E-01 -1.645950277492404E-01  5.180548008174891E-01
 2.081107358666525E-01  1.516208479883010E-01  9.425207322267635E-01 -5.947848650626081E-02 -7.306996205029033E-03 -2.929103290049185E-01
 2.758638769009072E-01  1.270714668930199E-01  9.983933591633914E-01  3.355529460200677E-01 -3.705347255452771E-01 -2.055286947378226E-01
 3.566185174649647E-01  1.617903082710380E-03  9.991659277892477E-01  3.603330501853880E-01 -2.348389535992945E-02 -2.691289154139624E-01
 2.254743632358657E-01  6.892900742045589E-02  9.981673180256896E-01 -3.673491982769050E-02  1.250674537303043E-01 -2.309038160515256E-01
 4.408291070863299E-01  4.913843797340056E-02  9.626758422943199E-01 -1.028476608398604E-01  2.745129707618368E-01 -4.831472071697050E-02
 7.352148651550645E-02  6.534484038159045E-02  9.949339514640788E-01  9.366888727492227E-02  3.765760018212792E-02  9.872586139312615E-02
 1.554371351180280E-01  7.819872809905919E-05  9.999716398395802E-01  1.137441698876117E-01  1.602655799354344E-01 -6.252761906564845E-02
 2.587020224504006E-01  3.068317474305386E-07  9.602377669120911E-01 -5.792210592162760E-03  1.743262135570178E-03 -4.536802546112205E-02
 2.338080925615725E-01  3.060561704954377E-03  8.304493953337706E-01 -1.497145862022578E-01  7.429239929031553E-02  1.295193778014078E-01
 1.243034218208160E-01  6.767911983249626E-04  9.257788153529803E-01 -5.559829424876553E-01  1.085158996248063E-01 -4.012510713064011E-01
 3.463574740967189E-01  5.366530943560594E-02  9.301717290020856E-01  2.202946714393770E-01  3.303836383960258E-01  6.611462392213087E-02
 4.142810491015922E-01  9.181339254562421E-02  6.063488741236803E-01  1.850513542585702E+00  1.157169556668178E-01  2.959717847094213E-01
 2.826038722248629E-01  1.314026021847224E-01  8.290445222283673E-01 -1.147904926763110E+00  5.975251554915673E-01 -7.288245521080281E-01
 5.143532773175864E-02  3.369011754900427E-02  9.808891921254492E-01 -7.532041697342592E-02  2.930040653604353E-01  1.201419956885063E-01
 7.308727349143575E-02  1.852104719709747E-04  9.997531673862273E-01  5.096394759141502E-02 -1.652152930486391E-02 -8.638230275810123E-02
 2.004968407343118E-01  7.417490193012092E-08  9.999942716298987E-01 -4.526935019595581E-02  2.263660160438665E-03 -4.242426495479544E-03
 3.366855739266234E-02  5.448299815401119E-08  9.999999202190137E-01  5.861446335939604E-03  2.761181621307254E-03 -1.644780414439728E-03
 1.389495482790434E-01  7.647854740352988E-02  9.621886799541133E-01 -7.767435594146170E-02 -9.054574086169440E-02  6.708455915986077E-03
 3.997394715154181E-01  8.951119003573895E-05  9.999391925088678E-01 -3.391627724761401E-01 -8.452498349755491E-02  2.709530139368329E-03
 2.387129926619510E-01  2.986664804847443E-04  9.999611322056816E-01 -2.392546413516651E-01  2.088614537333049E-01  1.990381534366488E-01
 1.186519686381064E-01  7.217038816002322E-02  9.986798573397677E-01  3.297362946876438E-01  4.173071149720659E-02  6.368426809293318E-01
 3.318771231293811E-01  1.433489830788943E-01  9.384408267751330E-01 -8.718773573320654E-01  9.465192450868887E-02  1.501454480756634E-01
 3.013984616375561E-01  1.167679053032473E-01  9.518612997428813E-01  1.455075055282276E+00 -1.137580321340391E+00  2.363215409447273E-01
 4.674305566183801E-01  2.094802526633812E-02  7.894911622193216E-01 -3.322558577691629E-01  3.342757184555700E-01 -8.303839991860061E-01
 4.772490063956218E-01  3.518777746780544E-01  9.633406111316574E-01  4.889804145582365E-01  2.731199776996231E-01 -4.344005556126001E-01
 4.670022185528740E-01  3.833813601358237E-03  7.143266966256381E-01 -5.057371916221882E-01 -1.521482618247521E+00  1.025770279927517E+00
 4.811127371694971E-01  3.881752639784553E-03  9.537444471067954E-01  1.000411911365292E-01  5.507660758491242E-01 -7.665810677294077E-01
 4.959257382855797E-01  2.202605172697237E-03  8.105198064337996E-01  1.606295493845082E+00 -7.838875541065037E-02  7.365820458894337E-01
 4.781930847702078E-01  6.919744265107351E-02  6.811558980627919E-01  1.032293105907254E-01  2.506001528049824E+00  4.856001192353829E-02
 4.839390936056452E-01  1.889144266405015E-02  6.771662107496264E-01  2.410721882316098E-01 -2.748324241084750E-01 -2.625519271074868E-01
 4.908671359042002E-01  5.948965282792411E-02  8.833821184463347E-01  1.143774306829494E+00 -1.309333561872815E-01  5.110000089544389E-01
 4.517847114707010E-01  1.164220818090074E-01  7.194738777564761E-01 -8.163845665273736E-02  9.686879099531636E-01 -1.939922540586746E-01
 4.975167849809337E-01  5.124824727603605E-02  9.914247069660544E-01 -2.978315878571681E-01 -1.337343554844045E+00 -3.043307273065775E-03
 4.963911559659955E-01  2.170059957430269E-04  9.930833244198142E-01 -4.200634648231871E-01  8.587681320005495E-01 -5.292230059513228E-01
