 5.003561392306488E-01  2.475711807150555E-03  7.078567670004995E-02  2.208827482081193E-01 -1.316231400524939E-01  3.282802983848094E-01
 5.015860339931539E-01  8.678547168995529E-02  4.140642597686463E-03  6.263833240890132E-01 -1.088804709698133E-01  9.681761318741061E-01
 5.055625754867600E-01  5.974622543750838E-02  3.996603226535119E-01  1.246069955814674E+00 -2.505805871333491E-02  1.253558576297149E+00
 5.029083707669877E-01  2.578037126355253E-02  4.602192194034208E-02  7.323023947526461E-01 -3.148558141830783E-01 -7.105635242624921E-01
 5.030649731550986E-01  9.575539796720313E-02  4.208178973085068E-01  7.052360069237554E-01 -1.224609200426259E-01  8.854221024657042E-01
 5.015363873062834E-01  7.938926538217558E-02  4.099982846535612E-02 -3.269105969625521E-01  4.812319963538527E-01  3.024387725456421E-01
 5.047921598439969E-01  1.192867105941728E-01  4.017445553608697E-02  3.527492102534680E-01 -2.403116838401379E-01  3.730797627475593E-01
 5.092917741259565E-01  1.054234860839098E-01  4.686350183273406E-01  1.891478313446941E+00 -7.429413365640588E-01 -1.231468597257611E-03
 5.097756239526129E-01  1.918284334991202E-01  5.443908920174764E-02  8.780203559324711E-01  2.342357149671108E-01  1.512630480230688E-01
 5.113190084146335E-01  9.995105139325071E-03  4.793001230309428E-01  1.255394686573056E+00 -9.222896923913806E-01 -6.409067516029230E-01
 5.214417931975429E-01  4.139930322014999E-02  9.886264533176118E-03  1.468171439278537E+00 -2.367399945256964E-01  2.542047830887737E-01
 5.097758806508210E-01  1.066193994821555E-01  2.923489734481237E-01  5.960666759740997E-01  8.804696733245043E-01 -1.016463817941315E-01
 5.031240002582282E-01  2.270984688668359E-02  1.103529313356128E-01 -1.274639877374621E+00  1.274809195551505E-01  1.656194303686078E-01
 5.115644457296838E-01  3.027750952671216E-02  3.769339506096634E-01  9.039304995142138E-02 -1.981241940556441E-01 -3.298568216216461E-01
 5.404538382155715E-01  1.223256800776787E-01  4.470120498952510E-01  1.381327076881294E+00  5.500337926300554E-01 -1.428891545012179E-01
 5.190418921673023E-01  6.275011820261953E-02  1.290031616822729E-01  2.989520450629443E-01 -1.196187750312944E+00  4.828190395730480E-01
 5.279352466970451E-01  8.893637522179743E-02  3.843469181895124E-01  1.046083197356805E+00  1.251382684460902E-01  1.209474747583149E+00
 5.216330209554910E-01  2.375550973603049E-02  2.365301374020222E-01  3.284256908152223E-01 -5.607542640205194E-01 -8.585254654478119E-02
 5.270644687902201E-01  1.702674533064377E-01  3.189770400274088E-02  6.427265945810673E-01 -3.939128033427233E-01 -7.547143128543757E-02
 5.149623488269041E-01  6.602228433600030E-02  4.407258631974051E-01  6.810262933048190E-01  3.631156720395380E-01  1.089388909566765E+00
 5.479031450492046E-01  1.698412409336531E-01  1.800471689717476E-01  7.110043450972620E-01 -5.745942246516382E-01 -4.942825046240482E-01
 5.572789393560861E-01  4.480326651757262E-02  2.046653668099958E-02  1.689765793695878E+00  6.366521279879792E-01 -4.651300659787094E-02
 5.324695619143787E-01  1.109501930622026E-01  4.957467388855222E-01 -7.551629300223274E-01  2.396934834147843E-01 -1.120885551650839E+00
 5.360340408824507E-01  1.747209951607188E-01  1.491534246192816E-01  6.969293737731209E-01  1.109908397540279E-01  9.270002190345283E-02
 5.356151469492363E-01  8.436957631904848E-02  1.038945370559198E-01  6.300040639194771E-01 -3.789672971731872E-01  4.451463345387831E-01
 5.097566899404775E-01  1.642686887241267E-03  1.386303410551332E-01  2.222358426923598E-01  4.950134443928996E-02 -1.109536748209181E-01
 5.541043098955477E-01  7.312057307936044E-02  4.326363457818029E-01  1.507924405967047E-01 -2.729011350013609E-01  9.228640993711825E-01
 5.195870539542877E-01  1.049406988470833E-01  2.602715618417272E-01  5.955263467926174E-01 -3.808636488407658E-02  3.046998211935381E-01
 5.300778041386968E-01  2.274726230127761E-03  4.183693625483827E-01 -2.861755621383408E-01 -3.788524213297327E-02  4.176791489600561E-01
 5.176294717244320E-01  1.364460289432822E-01  4.046548792950880E-01  3.704650375836013E-02  6.198053019081508E-01 -1.427259792977852E-01
 5.743913658452536E-01  1.259517840849124E-01  4.491218322939983E-01  1.446711129191665E+00 -3.325491936754837E-02  7.118014234498498E-01
 5.337936264963822E-01  5.851997806597599E-02  2.580772307261017E-01 -6.162699528927517E-02  6.362084668674016E-01 -6.818659206956068E-01
 6.277674117286411E-01  6.075463214569261E-02  4.951015004643146E-01  4.289912506087028E-01 -1.478019391604103E-01  5.607690658555050E-01
 5.429214460299622E-01  3.467790872002100E-03  1.064030698745365E-01  8.245378598016825E-01 -4.726010125205058E-02  3.001505783040419E-01
 6.172399892542992E-01  6.246864137687224E-02  3.247143500564702E-01  1.710364080014509E-01 -7.736455410332450E-01  1.238829760145479E+00
 5.299665041294390E-01  9.666696233764642E-03  3.423312250581392E-01  7.365239386416239E-02 -3.368813051036378E-01 -4.341208056331042E-02
 5.424629789984245E-01  1.275918125061772E-01  3.824027632249756E-01  8.080046109872668E-01 -5.822789320273842E-01  1.498053170722067E+00
 5.556390115863825E-01  8.390116413514878E-02  3.545015046398983E-01 -3.518143714069522E-01 -2.925455415655785E-01 -3.213831025139895E-01
 5.458313619257446E-01  1.527668529410848E-03  3.073771212461832E-01  9.388904145545601E-01  2.340429410511192E-01 -8.134204897929621E-01
 6.124357453781253E-01  9.261536906785356E-02  4.736227348953885E-01  1.260728644807723E-01  2.912313179456020E-01  1.328706367361837E+00
 5.809983215842472E-01  1.458772536780604E-02  2.497873307595088E-01  8.987535611813040E-01 -4.593926253336951E-02 -6.368934860536156E-01
 6.406845707378446E-01  6.970500209138232E-02  1.945654567178145E-01  2.088041486608034E-01 -9.364108254096215E-01 -2.016575090674428E-01
 5.545656546916593E-01  4.491384921319699E-02  1.278311237766158E-01  8.018100168478237E-02  6.755519692352255E-02  9.147578500150161E-01
 6.055152410690487E-01  4.981833706976756E-02  2.028319125091058E-01 -2.189543404859361E-02  1.145448324423809E+00 -3.169810318970672E-01
 5.804005812961616E-01  8.141734648834112E-02  4.627115350868852E-01  4.919246785812607E-01 -9.818184479654494E-01  6.544181902466654E-01
 5.738310658253395E-01  1.124595776847839E-01  3.512015250671581E-01  4.675645630334823E-01 -8.158501778248219E-01  1.112640347673963E+00
 5.186861602263869E-01  3.404601326990963E-02  3.020873435130815E-01  4.545571089559185E-01  1.379012810102189E-01  2.754031729620551E-01
 7.042652607812346E-01  6.475432654908453E-02  3.142152797530020E-01  1.084867991846933E+00  6.255540187394419E-01  6.815416590155084E-01
 6.089974941615584E-01  9.877923968963451E-02  7.320347685450256E-02  1.645706551062568E+00 -4.317811042371340E-01  5.368163757012646E-03
 5.398033418335395E-01  3.409887139254954E-02  4.166094218497866E-01 -4.495581734130650E-01  5.944647052586101E-01  2.093601938758014E-01
 5.768703039783307E-01  1.166169796107720E-01  5.508779626392531E-02  5.548343998139441E-01  7.345887617744419E-02  1.166485347111426E-01
 5.847503957981662E-01  7.322545982737136E-02  3.027336946746906E-01  2.610150385481455E-01 -2.762618630353716E-01 -1.924299461872528E-01
 5.119356061767418E-01  5.476243709934833E-02  2.150124571127202E-01 -3.569644615646943E-01 -1.023705209402225E+00  1.229108412613148E+00
 6.196674685174592E-01  8.851607099609894E-02  2.180778258178725E-01  5.848464513647752E-01 -1.361370955600725E+00  3.990079496866459E-01
 5.735554585721145E-01  8.254471064507374E-02  7.495743194438180E-02  4.059746900200350E-01  6.111428985864487E-01  2.195352346842998E-01
 5.831031779058709E-01  6.355900860193750E-02  3.812070222573481E-01  7.918573146987471E-01 -6.219491632941219E-01  3.051598075812343E-01
 6.096746361272594E-01  7.890239657917518E-02  4.088047110363249E-01  3.984383967410960E-01  3.960954758817503E-01  5.647294468179106E-01
 5.968228488301649E-01  9.579457446840187E-02  1.282833847434769E-01 -2.035302288668833E-02 -5.997585933206114E-01 -1.643002104243758E-01
 5.579750206831252E-01  2.769754415798486E-02  1.764612920630953E-01  1.087726419052788E+00 -3.440240722040633E-02  4.498970884920462E-01
 6.331746279808103E-01  1.563712141125855E-01  1.265008866346480E-01  1.303573623379200E+00  5.142212195490415E-01  1.873177417421354E-01
 6.486938713764966E-01  6.919557902144888E-02  3.464406867662796E-01  6.003059042255424E-01 -6.152159598943311E-01  3.474009373861758E-01
 5.972219627529789E-01  4.369710285236791E-02  1.529439968096888E-01  2.228001358075467E-01  8.108027928426581E-01  6.548314227646569E-01
 6.358915543899992E-01  1.021369086100748E-01  3.980221066007703E-01  3.435812922220261E-01  1.132128433502047E-01  1.104490685044044E+00
 5.780422110913753E-01  5.638816822670983E-03  2.843577711023396E-01 -2.221973976953261E-01  8.264439899439394E-01 -2.547143187785662E-01
 5.669734687860769E-01  2.667474133982635E-03  2.179255973674067E-01 -3.332989436533807E-01 -9.007880907566723E-02  8.221235164663236E-01
 6.180228889109738E-01  4.674000050334342E-03  4.605234144410464E-01  1.258065965321174E+00 -5.873975464674234E-01 -6.547331977463282E-01
 7.121457967078273E-01  9.471164579657870E-02  1.757692927183524E-01  2.596529398674717E-01  4.127127978906341E-01 -9.825103727694953E-01
 6.449813565329061E-01  1.208485913650225E-01  1.236784732530297E-01  2.027922108804721E-01  3.010044976428964E-01  1.008874717615979E+00
 5.474243672331105E-01  6.669174956287814E-03  3.377384324388489E-02 -3.344961855549135E-03  2.373881847750117E-01  4.814608901902589E-01
 5.571832446909301E-01  2.910598979966409E-02  4.856747082835569E-01 -4.661752720705999E-01  1.083112449033250E+00  8.416786092303806E-01
 5.738357365613711E-01  8.889133194791252E-02  1.988905155837876E-02  1.164252621000426E+00  1.557937500185130E+00 -2.154227410391314E-01
 6.463553522042043E-01  8.665191423824167E-02  7.377796744440362E-02 -1.823553066071315E-01 -3.330918864517077E-01  2.630728015419482E-01
 7.443568765667052E-01  8.621190521065625E-02  2.033265650279923E-01  1.472238508613561E-01  1.347561671332329E-01  5.448477767645923E-01
 5.306678842327771E-01  4.219862340813356E-03  1.909486551762010E-01  6.116509327853157E-01  2.223301329297944E-02  7.646683403029749E-01
 6.496769741946160E-01  6.921194375553023E-02  4.479015906947811E-01  4.906230866766664E-01 -5.325494622918069E-01  1.270823605333900E+00
 5.660579800130708E-01  3.700363747684743E-02  9.337283808986929E-02  3.500678798986808E-01 -1.440091193558133E-01  1.635173939232493E-01
 6.667072421525279E-01  9.403080170329886E-02  1.577673911968058E-01  4.231562078696788E-01 -4.345261244807110E-01  1.846489988833859E-01
 6.659108258433943E-01  8.832283592026963E-02  2.265314923151794E-01  3.419053482266536E-01 -4.226489952015883E-01  6.022815193910531E-01
 6.309111999896440E-01  4.798254271575516E-02  1.525386010137170E-01 -3.681724042489597E-01 -6.326126798054476E-01  9.762719691768842E-02
 6.653464926039396E-01  4.990259358587718E-02  2.175215720012332E-01  9.926490464256995E-01 -5.571642230102162E-01  4.862019501875845E-01
 5.876448355519893E-01  7.053705631089589E-03  1.807370459169711E-01  8.237970779014597E-01 -8.613496108504017E-01 -1.124715545480132E-01
 6.257257842394274E-01  1.138859415079775E-01  3.130097441825163E-01 -6.683075662298887E-01 -2.073329286590989E-01  3.585851570042576E-01
 6.383371531833157E-01  1.273450291349831E-01  2.836480240896821E-01 -6.601218354398199E-01  1.222336463470848E-02  8.075340312773099E-01
 7.338891681441587E-01  1.115085373617677E-01  4.627082459618187E-01  3.712010050555469E-01  1.212540818275949E+00  2.200108552620390E+00
 6.785010727865088E-01  8.643890526781388E-02  3.396588277478007E-01 -7.009147373570609E-01  2.656829608723487E-01 -4.762522424616076E-01
 6.891154205619237E-01  8.745915209391915E-02  4.638543844477666E-01  1.724460333634078E+00  3.485146328194392E-01  3.034831733861056E-01
 7.119623454871497E-01  8.092821584278885E-02  9.214214921252631E-02  8.618519306544930E-03 -1.244025242787308E-01  8.323030655597673E-01
 6.774464439219061E-01  1.102503619676033E-01  3.947845065509956E-01  1.027564343698979E+00  8.007450285466184E-01  6.989900910561093E-01
 6.245383554812576E-01  4.500198762268158E-02  2.333050196168363E-01 -2.969015897309275E-01 -1.887252104213373E-01 -1.153627206046959E-01
 6.846105658485813E-01  2.927186168506811E-02  3.707023904063656E-01 -2.840136604877074E-01  2.957824964799928E-01  3.076377322483965E-01
 5.841285927360611E-01  4.222747110851898E-02  3.212941843783509E-01  5.146977417240924E-01  9.363589565130473E-01 -7.087085299728656E-02
 6.760260435003507E-01  7.488184208858928E-02  4.050446867004263E-01 -4.684821534101594E-01  5.516488630186429E-01 -5.151695186480321E-01
 7.792493756428663E-01  1.021524169051928E-01  1.534202537085537E-01  8.138397655731668E-01 -3.789836235812957E-01  2.898828353282877E-01
 6.685120725518450E-01  6.672916407081501E-02  2.573105018220019E-01  1.800182063457080E-01  5.652292850966099E-01  2.281015335378193E-01
 5.672875519614520E-01  4.191983604240263E-03  1.412629781472233E-01 -1.893046618997946E-01  7.691161953776164E-03  2.996925107765177E-01
 6.992551136768946E-01  1.394654540833256E-01  1.786937037948650E-01  1.528109425089610E-01  9.632070135728001E-02  1.066333572887465E+00
 5.432700749441224E-01  5.623247516810910E-04  3.785140798184268E-01  2.510365925631698E-01 -5.177708669687126E-01  8.688203163557737E-02
 5.549716592842747E-01  4.624993624310028E-02  2.818591418131062E-01  6.496310900752076E-01 -7.052680072638759E-02  2.829163671043838E-01
 6.070720497881946E-01  9.874680907655317E-02  9.171378171567414E-03 -7.628063111295192E-01 -1.520367914000502E-01  4.251449320562779E-01
 5.981865131274899E-01  2.285842810370095E-02  2.938651021368079E-02 -6.269485143480509E-02  1.535181690788488E-01  1.265147366088061E-01
 7.057288328154414E-01  6.317435911334483E-02  3.941114344915735E-01 -1.048244390848424E-01 -5.454593184342347E-01  6.060083110375262E-02
 7.572966226633546E-01  6.910483424588877E-02  1.316491554866767E-01  7.254735218904997E-01  5.469069947020569E-01 -4.156118552506840E-01
 7.126744660501908E-01  3.745169087355871E-02  2.237725343842021E-01 -7.693992039811713E-02  7.205245431936620E-01  4.240789220869851E-01
 7.280243224802421E-01  6.896770380541040E-02  2.381205491879450E-01  3.349425232380638E-01 -1.919920139214645E-01 -1.563112165526881E-01
 7.748951114307066E-01  6.308799105291177E-02  2.253348543517250E-01  8.031517412933812E-01 -1.135498669685451E-01  4.117078194059352E-01
 6.283320430237441E-01  1.812591122892136E-04  2.570515193187418E-01 -5.869513875263647E-02  5.889863410575762E-02  4.244830864441102E-01
 7.022374565851464E-01  7.620766983398053E-02  6.897035130636355E-04 -2.271333892471807E-01 -3.038164751753666E-01  2.242504037828553E-01
 8.255084593922496E-01  1.749150482338862E-01  1.405308847569159E-01 -7.605596731125954E-01  1.153698029229830E+00  6.390586124709634E-01
 6.612935241351433E-01  3.316487742333996E-02  3.248223819025586E-01  3.301506170622217E-01  3.324707609729245E-01  3.786333190616156E-02
 8.999175318218792E-01  2.031280155979549E-01  3.412693391944298E-01  5.332304346621444E-01 -3.221249928948281E-01  6.725341649756691E-02
 6.237197236025076E-01  9.249486022342666E-02  1.490552684013400E-01  4.200314000642396E-01  1.448452190775039E-01  5.520651089666894E-01
 6.865318144939888E-01  7.406587388396143E-03  2.175408965683599E-01 -1.728490891876724E-01 -1.611791986255250E-01  1.058654313474043E-01
 5.809341986778663E-01  7.624867330902410E-03  4.277890551991492E-01  8.334447993350123E-01  9.678895188507358E-01  6.623978932434508E-01
 6.791219798017408E-01  6.513402501826815E-02  9.207821503867979E-02  6.208494342726102E-01 -1.520140159148968E-01 -2.569336326855952E-01
 7.809326853774293E-01  6.801157607891851E-02  4.717273904324355E-01  3.662377237004436E-01 -7.830503378831886E-01  1.166546315527177E+00
 7.034329424349360E-01  1.824447338339409E-01  1.073122025339306E-01 -1.536920179214548E+00 -6.895926222010473E-01  1.108021590784451E+00
 7.544912280798854E-01  1.206380478262921E-01  3.575301767964769E-01  4.867849663533743E-01  3.027397469497305E-01  7.620799573186460E-01
 7.159341037215639E-01  1.111293467500860E-01  2.844666017212946E-03 -5.533777955486670E-02  4.828610470601884E-01  2.358694598680368E-01
 5.779475608220548E-01  9.786370829314784E-03  3.920511549947059E-01  4.665061547571199E-01 -4.477222584693077E-01  7.209202893895976E-02
 6.162429700127227E-01  3.491848279371183E-03  4.140924632344325E-01 -3.597732066316470E-01  1.852580619623128E-01  6.346985569635714E-01
 6.110848857038931E-01  2.515798376002432E-03  2.156698557064256E-01 -1.346947070352745E-01  2.452166664095297E-01 -2.555096670593464E-01
 6.960486223725361E-01  3.851944068722940E-02  2.684191383246551E-01  3.536364834659864E-02 -6.055030034760760E-02  2.112920774785882E-01
 7.297745764407856E-01  4.178561402437704E-02  3.480860570981602E-01  8.431768000852164E-01  3.144276732707252E-01 -1.001557106063446E-02
 6.595972645542382E-01  1.183530469557096E-01  8.667101264591878E-02  2.161239790878429E-01  8.184455025177053E-01 -2.029524979633681E-01
 6.746909871630856E-01  1.301855036431677E-01  2.033108872554468E-01  1.311636143228619E+00  1.205673631819660E+00 -6.678320627503436E-01
 5.970474145009664E-01  2.462661044809461E-03  3.408901873581924E-01  3.950193563490236E-01  9.027861912936591E-02 -6.722491303669512E-02
 7.780341810294462E-01  1.604871434022832E-01  4.133923227574340E-01  4.195294154715641E-01  6.472100617252682E-01  1.122135485705801E+00
 7.388909786956619E-01  1.266098701792248E-01  1.917774332003419E-01 -9.264120604204056E-01 -1.201027630428226E+00 -1.564662820050318E+00
 8.132503318044418E-01  4.743046707403954E-02  1.266359958783440E-01  1.469160658233033E-01 -1.880609631721573E-01 -4.800390366754349E-01
 7.396495944348431E-01  1.036806504818801E-01  1.504754343452976E-01  3.804883889721572E-01  4.106563805563413E-01  6.812871229028789E-01
 7.601680490328920E-01  8.166417962629524E-04  3.572919991892532E-01  1.755616786664404E-01  6.992437430492701E-02  5.642888581958228E-02
 7.099415242388107E-01  9.472606466250304E-04  4.700177808104884E-01  3.115503902602264E-01  6.038627677356714E-01 -4.863009249202871E-01
 6.369893957206476E-01  2.923880197216532E-02  4.454650876072671E-01  1.202661411152355E+00 -7.707380968528059E-02  5.677834796717576E-02
 8.301344587874200E-01  1.429026512015709E-01  3.478730262025012E-01 -7.093406531592129E-02 -4.396455774089729E-01  2.775717602798194E-01
 8.869321302902644E-01  1.351804043982018E-01  8.636027428591911E-02 -7.819345414985130E-01  6.973173804993570E-02  2.414400735336860E-01
 6.935346745268478E-01  6.817376888637747E-02  1.922884060048920E-01  2.437917072048403E-02  5.154354578520794E-01  7.269758310942673E-01
 7.945869442031891E-01  1.023203782034555E-01  2.714081022820639E-01 -1.142976292159584E-01 -3.357520287411193E-01  8.336526299975411E-01
 8.051120664580167E-01  6.600117995140349E-02  2.544349550994691E-01 -4.692897981850461E-01  3.642437184761876E-01  8.791104436012166E-01
 8.003495614632427E-01  4.042149798397921E-02  2.786815895317770E-01  8.050245310123942E-01 -4.876506473541636E-01 -9.003190122260618E-02
 6.750499698883559E-01  6.018921077060090E-02  1.488120335997234E-01 -2.540019033993834E-01  1.069017022671267E+00 -2.029646142137609E-01
 7.580503496090608E-01  1.001488772867637E-01  2.375228357700120E-01  1.501595548667908E-02 -3.682891414061015E-01 -1.085761963119576E-01
 7.456680867169847E-01  1.053294910999963E-01  5.258934961399452E-02  4.631477264612563E-01  1.371804300341510E-01  2.764615309454631E-01
 7.330831929788804E-01  3.516366594566528E-02  3.821074339292558E-01  2.971827750331842E-01  5.345023757181437E-01  6.051290972694276E-02
 7.341914588370761E-01  1.748165034160253E-01  1.722418892534796E-01 -8.882569260575915E-01 -2.483545562533839E-01  7.335648095470290E-01
 6.492221131670995E-01  1.803106569070709E-02  4.964290733659601E-01 -6.069865506263735E-01  1.017259721380146E+00  7.207981332329471E-01
 8.131524227750486E-01  6.149206377024721E-02  1.808041841017025E-01 -4.880749601655788E-01  2.367288476762169E-01  4.611595948346796E-01
 7.335665631719352E-01  5.201806948963048E-02  4.083100798874547E-02  1.772276536652941E-01 -2.924514154494320E-01  2.521761995282739E-01
 8.608192714929382E-01  1.044470617887821E-01  3.160437069114376E-01  6.808195026859361E-01 -7.039433445599728E-01  5.831001076629372E-01
 6.608374748014174E-01  3.740877001366451E-02  1.132473094816206E-01 -2.824053008453100E-01  3.434578383847253E-01  2.590933845709588E-01
 9.773774900872791E-01  8.150886699406845E-02  4.973268096358846E-01 -1.174006713137684E-01 -5.951705254946823E-01  7.572753170628957E-01
 8.751463911121992E-01  3.449512639081581E-02  1.910366366716652E-01 -9.029208876916589E-01  7.605323766533599E-01 -7.592970974570525E-02
 7.267830835992121E-01  2.866340719384120E-02  4.367009255934154E-01  6.586133638548659E-01 -2.964350178719744E-02 -9.399388546755029E-02
 9.595827427998816E-01  4.251482365934841E-02  2.455569971627716E-01 -2.373969377472748E-01 -3.186145275389958E-01  8.656675312542091E-02
 8.370562086579110E-01  8.546188132976439E-02  2.146180771400329E-01  5.656767384400596E-01  3.463231414860194E-02 -7.111108991544814E-01
 7.636616591951142E-01  1.852221944741579E-01  1.577106813155506E-01 -6.189833385979552E-01 -1.229055498290744E+00  1.150184004439678E-01
 8.143572777206202E-01  1.960627157515525E-01  1.642611375917677E-01 -2.622184903349287E-01  5.720838168913231E-01  3.631741008432112E-02
 7.091503519360866E-01  2.103353996560392E-02  3.214293904969008E-01  1.093293698823670E+00 -4.930741556270881E-01  7.220189646757501E-01
 8.123585674511656E-01  1.278226589888165E-01  1.510366599781959E-01 -9.653045847684102E-01  3.268204398675928E-02  2.736330106781207E-01
 6.166119054401463E-01  4.695857863477968E-03  3.691320789153447E-01 -1.032720025066744E-01  1.492081171810514E-01  4.262268108150522E-01
 7.720149930722476E-01  1.441801967997831E-01  2.287436147104408E-01 -3.780586968497505E-02 -1.232445671145918E+00  4.993004466997961E-01
 8.334411346875157E-01  4.075345151530303E-02  4.029791459553472E-01  6.426283402006189E-01 -2.245204771790774E-01  3.716660428331683E-01
 8.168343066637902E-01  5.815232354181647E-02  3.147863919083730E-01  1.628179663893727E-01  4.954671112911631E-01 -4.715373332918105E-02
 7.885852123275564E-01  3.532484490162240E-02  1.512455393150043E-01 -3.070470146055663E-01  7.418089833836471E-01 -8.251779153284626E-02
 9.078230561602330E-01  1.066256907422155E-01  8.671284772586196E-02  1.401274837966532E-01 -3.525387541959312E-01 -5.266487661410627E-02
 8.066385163614080E-01  1.374420842778183E-01  2.118462687728790E-01  2.194769522412351E-01 -1.568012724258345E-01  4.302152942062015E-02
 7.508221590641939E-01  1.979707332714964E-03  4.384207031981797E-01  1.081490006742875E-03  2.719425995289882E-01  3.453593075026760E-01
 8.046148289085518E-01  1.005335349582887E-01  1.904372641044672E-01 -1.902567721567170E-01 -9.610884526510490E-01 -5.800866251556719E-01
 8.912384972563151E-01  1.065210443752316E-01  1.213626113542731E-01  4.189330531975887E-01 -3.636890310190127E-02  7.085794076502698E-01
 7.761514998057731E-01  5.501459312971005E-02  3.101142958707249E-01 -2.410784331018447E-01 -1.475156081420224E-01 -1.052642520076355E+00
 8.378654299003571E-01  1.677006905941288E-01  8.909520450399436E-04  1.135799268058788E-01  5.400695668230593E-01 -3.488136512403971E-01
 7.461984306314907E-01  6.173631410191709E-02  4.671030225927646E-01  3.354340528983837E-01 -4.800379430828435E-01  9.946902500102851E-01
 7.430866336028615E-01  2.541168319648664E-03  9.715695970846282E-02 -8.570607941264700E-02 -1.169683235362236E-01 -1.010821710660606E-01
 8.193353841856789E-01  7.444932173147374E-02  7.940735855236668E-02 -5.584088461971069E-02 -5.355967859986970E-01 -6.840301735063157E-01
 7.072675586403770E-01  4.154145822756063E-02  7.017951814760283E-02 -1.624320305921749E-01  3.968145782480494E-01  3.654980320815571E-02
 7.952967595641683E-01  8.820744033034009E-02  3.909224125489001E-01  5.751798847247621E-01 -5.101438282314529E-01 -1.128228612528266E-01
 7.459551260329411E-01  6.928306839435364E-02  4.194266911775798E-01  5.620252152397429E-01  6.042957916012183E-01  1.145275161670626E+00
 6.960220305371548E-01  3.670391582512498E-04  3.926711571395310E-01 -2.991782176052357E-02  1.378913454755497E-01 -2.072663094317053E-01
 6.585097715232175E-01  2.780655094895308E-03  1.462728074702090E-01 -2.165008738447277E-01  1.137675431805190E-01 -3.239907084088212E-01
 7.817348339098333E-01  4.343531248138049E-04  9.725837382542397E-02 -3.362560796143468E-01 -2.736031610925086E-02 -1.236644992572417E-01
 7.582295399990212E-01  1.720884495650869E-01  3.918874821170766E-01 -7.039517750445946E-01 -3.302529831236577E-01 -9.704183650420833E-01
 8.237749407310303E-01  1.152134630102522E-01  2.367688718854489E-01 -8.265137356920450E-01 -6.665857290358657E-01 -2.277696607981515E-01
 7.212352455808440E-01  6.490399778988575E-02  2.834698250953799E-01  4.927422402592991E-01 -6.875603448798954E-01  1.819129952603634E-01
 6.355476025217794E-01  2.192248469598657E-02  1.956735783766609E-01  2.181975637922405E-02 -1.879750562032684E-01 -1.558125683303345E-01
 9.263399158900628E-01  2.879926377288597E-02  2.702525883808325E-01  2.081816369202308E-01  2.716176580844053E-02  3.857202453185916E-02
 7.747490077830599E-01  3.631554107312341E-02  1.122262237170812E-01 -8.945911896630637E-02  5.224434996766886E-01 -2.057935123570753E-01
 8.716393161424523E-01  1.306421868480107E-01  3.971129455325526E-01  1.824558634675932E+00 -2.113517927952661E-01  7.669760772347121E-01
 7.376610582551011E-01  1.041283737411583E-01  2.976488502712402E-01 -1.250468324871016E-01  9.886699553186684E-01  3.337592922010363E-01
 9.002816925499424E-01  7.032411134058253E-02  1.324893504894918E-01 -4.208552004024788E-01 -1.482038605259625E-01 -5.218954866583903E-01
 6.032871393137316E-01  7.167424085798972E-02  3.932968573276063E-02  1.991506933837064E-01  1.484826580609680E-01  7.584718577155044E-01
 6.568553331867456E-01  3.199394699410931E-03  4.177906961363781E-01 -1.440021946755415E-01 -4.296318095225765E-01  3.528287556222172E-02
 6.704235755230087E-01  3.785090745744395E-02  5.489424431458771E-02  5.709676787554852E-01  2.131530951543464E-01  2.225347569842165E-01
 6.673441861399007E-01  7.110430215678727E-02  1.135519002236603E-02 -2.298332193534963E-01  4.151919774032762E-01 -2.660217162311176E-01
 8.997581978120556E-01  1.315783155121380E-01  2.126802420907688E-01  5.754391210787100E-01 -3.591539968557940E-02  3.123785491005115E-02
 8.483630501654552E-01  1.068196910490202E-01  3.951688030422234E-01  1.858372310984323E-01  5.831007121599299E-02  2.272541475542599E-01
 9.605122045951808E-01  9.418742376962916E-02  3.441602077576824E-01  2.277555982340433E-01  4.168271823122931E-02  7.040866184426788E-01
 7.522177400229015E-01  3.645782661987568E-02  6.777484742791247E-02 -2.288896300470040E-01 -1.573110827618584E-01  4.888957484450523E-03
 9.481474505158103E-01  8.138606549445532E-02  4.130723289065116E-01  1.183054264809217E-01  1.398583356878224E-01  3.499070250863531E-01
 6.485867086150355E-01  3.366961884584706E-02  3.043799332228729E-03  2.915446639294120E-01  3.855305144950703E-02  2.175223783802759E-01
 8.044363710792435E-01  3.792770688206330E-02  3.211006194836823E-02  4.054216854373857E-01 -1.787895630801656E-01 -6.121146577212683E-02
 9.295020407286416E-01  8.704251497090586E-02  3.754946677967049E-01  5.369515400122232E-02 -7.999467680124349E-01  5.571739727914424E-01
 9.086756413174820E-01  9.790542102911917E-02  4.452123512995078E-01 -3.849134527434971E-01  1.293576660558492E+00 -1.091884807989288E-01
 9.171352130786573E-01  1.878538538866251E-01  2.034749145482965E-01  7.599751933646091E-01  1.729721788302691E-01  6.532701868559490E-02
 7.152913599474097E-01  2.416491131359247E-03  2.533459531613069E-01  2.946246872873975E-01  1.074185500418878E-01 -2.148828416972086E-01
 8.752928394473927E-01  1.931410872153309E-01  3.215672033200856E-01  2.068919465995325E-01 -6.736109511497254E-01  9.278621367987646E-01
 8.548805228626193E-01  7.125217554933566E-02  2.474146925369404E-01  1.963231777712167E-02  1.283118290729561E+00 -1.766448758580342E-01
 9.834543778982395E-01  1.783646541461190E-01  2.787948982563719E-01  2.161776301334470E-01 -2.166717871524351E-01  4.589962990697116E-01
 7.378157866417780E-01  4.914243515924239E-02  1.553000994968130E-01 -2.471083588971593E-02 -1.107902069547666E-01 -4.051658835204980E-01
 5.521083364268624E-01  1.058040432123840E-03  7.114727920791535E-02 -8.793015367082833E-02  5.045864873265005E-02 -3.640823380705548E-01
 9.286824314275351E-01  5.208441691770675E-02  4.352383736971885E-01  6.900538121561542E-01  5.101121107872503E-01  1.159430499403979E+00
 8.585978995432705E-01  6.647968396666297E-02  3.703990762552660E-01 -5.005808568296154E-01  4.835481513742447E-01  3.496016547115656E-01
 8.456262531919293E-01  1.927887985967423E-02  1.575354998009371E-01 -2.419188420985434E-01  1.862581568684372E-01  9.373313108977295E-02
 8.268359860117913E-01  7.730174423850437E-02  3.585747262574958E-01 -3.581431719117393E-01  1.230224371533731E+00  1.878620891563579E-01
 7.498191314982270E-01  2.035585181675380E-03  3.179166213689503E-01 -2.092411766516294E-01 -7.890957226951992E-02  2.951908741885561E-01
 8.693202753597260E-01  1.053290490177446E-01  2.489452447357292E-01  3.506573556610211E-01 -3.425997474502867E-01  5.341300462934966E-01
 8.038693493155847E-01  2.979686592195421E-02  7.941131529107885E-02 -1.542743117395775E-02  2.056151478844893E-01 -2.812853458265817E-01
 5.837990637779938E-01  2.331843470738193E-03  1.105680098902159E-01  3.525606629878608E-01  4.827357946756970E-01  2.160875833720009E-01
 8.528096087686193E-01  3.520407788460370E-02  3.400673600599762E-01  1.715665414717710E-02  4.031258890979545E-01  2.066273914538464E-02
 9.965700571571712E-01  1.577517054837089E-01  1.102924294279910E-01  3.120034866213138E-01 -4.753247191136744E-01 -2.371884826021403E-01
 7.931894924772384E-01  9.838426326506576E-02  3.054184790179047E-01  4.989006887678151E-01  5.564123637149199E-01  6.377589597302432E-01
 9.251442082808544E-01  1.995506508722880E-01  1.742875072578552E-01  3.653578424708648E-01  1.069769766261063E-01 -1.006604654498687E+00
 9.202191577611549E-01  1.001281919167236E-01  3.404887342298788E-01  8.003860028670315E-01  4.067769992674125E-01  8.241571609716530E-03
 6.608852215056691E-01  1.703659711922687E-03  3.472857684244045E-01  4.640473631755045E-02 -2.596645616598030E-01 -3.722628881381144E-01
 8.443772931221517E-01  3.809323660581070E-02  5.358925217916736E-02 -2.053917734260611E-01  3.577291931648384E-01  2.471727701403634E-01
 5.811306539308088E-01  1.921865551531759E-03  2.729632791812093E-03  2.373374079793475E-01  4.209700468299011E-01  3.231847264955386E-01
 9.107784509468964E-01  8.248579530282352E-02  3.894211926134648E-02  2.668741755508552E-01  2.258745642982525E-01  3.232750068963613E-01
 7.295130550339199E-01  6.880957704884328E-03  1.393822896720545E-01 -4.547258023645842E-01 -2.844157386586572E-03 -1.653807198665594E-01
 6.741900910587229E-01  1.728826093766554E-03  1.840901842817783E-01  1.131558425520231E-02  2.112539341939065E-01  2.735403861037419E-01
 8.945747495712753E-01  9.215454505991154E-02  3.004553923967664E-01 -8.160664282440205E-02 -2.537777244848274E-01  1.605821580548862E+00
 7.971072510055560E-01  1.159950957701740E-01  4.152406266417342E-01 -8.471020929661645E-01  1.241525965185257E+00  2.888550940588213E-01
 9.145380752600023E-01  1.535561531224538E-03  2.990509191367615E-01 -3.349952151533945E-01 -3.845390592872779E-01 -2.756841694711724E-01
 9.284415962737842E-01  1.678498176549640E-01  2.663983369318576E-01 -1.452039365732597E+00  1.531145505538355E-01 -3.444709761618602E-01
 8.620715849020324E-01  7.182079813283426E-02  6.180581945396486E-02 -1.601777750200803E-01 -4.954357959844662E-01 -5.173681022078941E-02
 9.164048575624204E-01  3.065220717506553E-02  2.236613200508087E-01  2.829669770021206E-01  4.186800381700659E-01  1.768101882059606E-01
 6.309409523785046E-01  4.292828013016116E-07  2.916887064814652E-01  2.037058482465016E-01  1.309710570964508E-02  2.343896642992559E-01
 8.262888591525409E-01  1.248415626853085E-01  1.089929518602011E-02  2.932104210881175E-01 -3.013734822718129E-01  3.703467156117850E-01
 8.902825892352705E-01  1.710824324213463E-01  3.912972569593616E-01 -9.306698862800336E-02 -6.468447592357535E-01 -1.461856216691697E-01
 8.660338551664180E-01  6.904249825466917E-02  1.935895839538266E-01 -6.214865770748718E-01 -7.075826166735895E-01  4.828145201309637E-01
 6.976796966206649E-01  1.320604776159301E-01  7.828083204410322E-02 -7.555213580109068E-01 -5.261845683128419E-01 -3.416101104800417E-01
 8.454402486920887E-01  3.644872388112778E-02  1.033705979208073E-01 -3.708077374506354E-01 -2.092709297756820E-02  1.135487335295233E-01
 8.603812353089599E-01  1.109409107867988E-01  3.878345638034807E-02 -8.836372372219090E-02  2.035971279682810E-02  5.666199961477005E-01
 9.615548591789560E-01  1.320685180436479E-01  1.964206056423728E-01 -7.549111606653719E-01  1.448692852340425E-01 -5.447653756086753E-01
 8.870172101999249E-01  7.750482322895411E-02  3.343497165781271E-01  1.510155831426339E-01 -3.209717888169243E-01 -5.646199159421490E-01
 9.242869320084253E-01  5.773418764556469E-02  2.997360605488215E-01 -5.536922192098793E-02 -1.832399661475446E-01  5.612326382053860E-01
 7.818995919543691E-01  2.527804559942364E-02  2.199895998403135E-01  1.062600764892717E-04  5.185969428542815E-01 -1.284952509294746E-01
 8.822628841416552E-01  6.187056841507523E-03  2.801774707754119E-01  4.348695784114961E-01 -5.162601927563422E-01  2.255508890421740E-01
 9.103758169250868E-01  4.206236658350846E-02  1.736775585834697E-01  1.363674954671981E-01 -1.921573346831758E-01 -2.001930370305531E-01
 7.298936863815632E-01  3.468515088501577E-02  1.128643558684188E-01  2.497957009073834E-01 -2.662784466254838E-01  2.758221181503701E-02
 9.722864586011501E-01  8.819870116865003E-02  1.359000829380814E-01  1.077585490219943E-01 -6.119559596845692E-02  1.542371613595860E-01
 9.467403446774041E-01  2.501629123883447E-01  4.741520267424468E-01 -9.817399922289758E-01 -1.419006827030118E+00  9.215082494737978E-01
 6.078685435913073E-01  6.791306693228882E-04  6.079365143927457E-02 -2.978739349009562E-01  4.747252049706550E-02 -4.142130273629387E-01
 6.384889659856742E-01  3.218464986824310E-03  3.927869069671765E-02  9.624803487487770E-01  9.075333451098258E-02  2.485958443138823E-01
 7.125328883734283E-01  1.409241311776879E-03  3.589811553897699E-01 -2.882359256519163E-01 -5.011400157509664E-02 -5.226466843069963E-01
 8.151075781050879E-01  1.729979849236879E-02  3.162417245203222E-01  4.419282786069003E-02 -5.204066492837890E-01 -6.578949771992822E-01
 9.373700948779733E-01  2.288282945912076E-02  3.665961609511411E-01  4.186351104391136E-01  4.293345658063658E-01  5.187730567351548E-02
 9.571367030808713E-01  2.249434623674104E-01  2.117888422529900E-01  1.337492854879483E+00 -1.180697759085925E+00  4.945640050778288E-02
 9.245695746408584E-01  1.342499012580903E-01  3.603081581300795E-01 -3.577845619738641E-01  1.584979648990598E-01  3.662304710470983E-01
 8.856009726137941E-01  3.462291601019487E-02  8.717884965040400E-02 -1.574240180529494E-01  4.214802783031555E-02  4.317892253002897E-01
 9.440821685140791E-01  8.434012733297949E-02  2.776657605814812E-01 -4.973699737232011E-01  1.817287952673453E-01  3.294808086762870E-01
 8.880556086207015E-01  1.890442121856127E-01  1.288674998324144E-01  4.257530729468727E-02 -1.203539349565450E-01  5.027213154791867E-01
 7.450770096858339E-01  1.071718309096078E-02  2.741307365378158E-01 -2.000884623655054E-01 -6.447948043629557E-02  4.680757823452123E-01
 8.197276637325387E-01  1.385942777940398E-01  4.056370845959345E-01 -7.445553725044317E-01 -6.396319175760948E-01  4.406703099525993E-01
 8.339904883668295E-01  9.566962233319543E-02  4.317978324539921E-01  7.659373439006647E-01 -7.391975271282381E-01  1.664143201756909E+00
 6.347468610653556E-01  4.163805779712518E-02  4.898951300183255E-02 -3.735147645413510E-01 -3.701363499503911E-01  4.848720760775441E-01
 7.299913238622634E-01  1.259567500669603E-01  4.953785232883672E-01 -8.124030552743373E-03 -2.021866241791808E-01  3.177635114345126E-01
 7.193264330931970E-01  1.225608328635361E-03  1.888692820405078E-01  3.441594027094860E-01 -7.414257225683146E-02  4.970498772654445E-01
 8.257280687523622E-01  9.975469199035761E-02  4.655152636823179E-01 -5.319217248854385E-01  1.741755793618222E+00 -8.551106489466875E-01
 6.884601327758113E-01  3.695870258167559E-02  1.364589222135519E-02 -6.993723117619065E-01  2.429322216370471E-01 -1.126128830203189E-01
 7.499142778275324E-01  4.008802110297392E-02  1.925767770724658E-01  2.910192271755660E-01 -2.566843487368039E-03 -7.064620194369431E-01
 8.188510233954966E-01  2.958512120995040E-04  2.679010914260510E-01 -3.608904245351520E-01 -1.702130781865132E-02  3.452115912602007E-01
 8.197659258961777E-01  3.512223754267279E-02  3.683511682129837E-01 -2.240349486670298E-01  2.614042245923188E-01  9.361283938591880E-02
 8.529019296545555E-01  1.302002618260316E-03  1.202206802754352E-01 -3.571031408552076E-01  7.475716917424723E-02  1.206542753162794E-01
 7.620730529841466E-01  8.163307852905158E-02  2.317784492209302E-03  4.954027465050810E-01  1.302207675168224E-01  2.805437028979331E-02
 7.899564192874546E-01  7.312378571764852E-02  3.447883051853186E-01 -5.782856072645363E-01  5.045574513322464E-01  5.625827501925238E-01
 6.713294574036865E-01  1.056701056135411E-02  2.556946401913536E-01  6.559025205667053E-01  3.193762590416754E-01 -4.518481472296809E-01
 8.487176123693759E-01  7.785851221510554E-02  2.651900270579072E-02 -3.941274150048438E-01  4.251500644217833E-02  2.730351682652593E-01
 9.312660831753944E-01  2.418019852418289E-01  2.002610175510758E-01 -1.346406848583672E+00 -6.270248377413536E-01 -2.036775346270691E-02
 8.280763977771094E-01  3.767742861111743E-02  2.128293771255451E-05  3.660549393799145E-01 -1.586132473285984E-01  1.422961120990082E-01
 9.343790544757745E-01  7.248241520822675E-02  2.133389238937873E-01 -3.771496807968029E-01 -4.092905402832863E-01 -4.704906069127606E-01
 9.991703552431006E-01  8.281173094826609E-02  2.607194712693825E-01  1.276406372638900E-01 -5.000333335947176E-01  9.320613959594759E-02
 7.383540208656804E-01  4.582504394457469E-04  2.213210967831855E-01 -4.802725194130125E-01  1.260865109673565E-01  4.757864026770709E-01
 9.390988273125190E-01  1.646199276594265E-01  3.773298500563979E-01  4.073927157950347E-01  7.286064534430101E-02 -1.179953551364191E+00
 9.214775460573844E-01  2.020023290264440E-03  3.370235980390303E-01  2.797051309031958E-01  2.351159100930654E-01 -7.488297789483777E-01
 9.093123386410852E-01  3.583125571876151E-02  2.760075181731763E-05 -1.769199917879841E-01  8.011183652908471E-02 -1.244837927242457E-01
 6.240577250329706E-01  1.161530892342589E-03  1.570523042856764E-01 -1.327415574636422E-01  6.909905997183731E-02  4.081734399398808E-01
 7.714731957533185E-01  7.171397920162116E-02  1.787074762866789E-01 -2.828686546552359E-02  7.617834726242671E-03  1.904798137425997E-01
 9.777204565691103E-01  1.473657590603182E-01  2.409516649832937E-02  2.123211492378189E-01  1.762408570626401E-01  3.080066908243281E-01
 8.461619743579410E-01  7.150496705257293E-02  2.945330017556014E-01  2.298217235358127E-01 -5.182463713784807E-01 -5.620047008412367E-01
 8.361238037676435E-01  3.424419882508682E-02  2.568675707638416E-01 -4.518329974814815E-01 -4.718405806960185E-01  6.104742284004111E-01
 8.860409565537279E-01  1.244301997117912E-01  1.781703634409769E-01  3.147910513132832E-01 -2.416745948602509E-01 -2.909732609409014E-01
 8.846258677869533E-01  3.981331376279136E-02  3.138200190156071E-01 -6.469481999458906E-02  2.049001667280666E-01  7.839038550149746E-01
 9.974862707981951E-01  3.908733158723317E-02  9.439841829074928E-02 -1.120832498091001E-01  4.052467406239685E-02 -1.913797645589284E-01
 7.525061029392042E-01  1.180362482557356E-01  1.001120946436304E-02 -7.038495370003804E-01 -1.667459962241690E-01 -3.111333141806931E-01
 9.378834305030006E-01  7.279625761541390E-02  1.583210092755272E-01 -5.810803859197911E-01  9.914973078389390E-02 -3.608763748282512E-01
 8.211993848444571E-01  2.493402439467822E-03  2.293619019356767E-01 -4.732834048905991E-02  5.747117699360148E-02 -4.157502738341680E-01
 8.215223855871490E-01  9.025909339120182E-02  1.109913302619118E-01  4.519045690748613E-01  8.255705779166355E-01 -1.748539777709882E-01
 8.802251505863607E-01  1.655476747280505E-01  5.117322262216608E-02 -1.298558091875711E-01 -1.349738061320075E-01  5.560390462787116E-01
 9.393676570430469E-01  1.201113555114680E-01  2.880309208917195E-01  2.401980103824993E-01  5.525709648817932E-01 -8.308858459714559E-01
 8.493484776638686E-01  1.509347382648449E-01  2.068566029686336E-01 -9.801148169365486E-03  7.174724821439243E-01  6.529665804423823E-01
 8.040406654911371E-01  8.870105589588403E-02  3.783478337576555E-02 -6.936803941650969E-01  3.770671350462098E-01 -1.545842757243158E-01
 7.659876698800919E-01  3.508578450002439E-03  4.740086930340019E-01  1.091654760019686E+00  4.664918801293115E-01  3.758586400459701E-01
 9.563336464085926E-01  2.312355373883442E-01  4.580837994253267E-02  5.426801781284090E-01  7.697555671479759E-01 -1.735137916330689E-01
 9.032535412134121E-01  1.788204337757287E-01  7.756970073390726E-02  3.410272073450172E-01 -1.136961739939155E-01  5.526907807784207E-02
 9.753931457676882E-01  1.533644902094222E-01  3.907760939544135E-01  5.546156334230334E-01 -3.321166765881383E-01  1.206621728145375E-01
 9.395853428925012E-01  8.789679269552592E-02  1.144898314940776E-01 -4.199787255620583E-01  3.453692649290519E-01  1.566064611493573E-01
 8.862837578162188E-01  4.128478541381903E-03  4.266774548235256E-01  2.080095034030917E-01  4.369870129067888E-01  8.584045328276302E-02
 8.689491742752636E-01  4.928715218445089E-04  7.894288829907922E-02 -7.582787399364468E-02  6.666476467343287E-02  1.624017415669609E-01
 9.369383673611368E-01  1.617866055746909E-01  9.021030471815995E-02  4.478126598385972E-02 -4.408936990500175E-01  2.341898657424353E-01
 6.597459927771731E-01  3.000594600093043E-03  8.419227996174351E-02 -2.847533909134456E-01 -2.391171536031998E-02 -6.111043562142238E-01
 6.197515291619928E-01  3.995920265177563E-03  2.235364135066402E-03 -1.517072293636559E-02  1.089706183284941E-01 -2.145089373363654E-01
 8.760583915143066E-01  1.346490217284362E-01  2.844850056372533E-01  6.622803131149398E-01  3.693263952743672E-01 -1.305548984915604E+00
 9.834042695175736E-01  2.288183889620667E-01  4.118416595491786E-01  4.748442488835121E-01  1.358882388230469E-01 -4.619999680484581E-01
 9.610062257518825E-01  1.637225037234151E-01  1.276852929914545E-01  4.723105959943166E-01 -3.581881869461517E-01  3.356637908286308E-02
 7.963816571739188E-01  8.891449176659540E-03  3.791730540498027E-01 -2.271802168519478E-01  2.200857190468379E-01  7.402741456327125E-01
 9.234212801660654E-01  2.309855132213108E-01  5.040728138059063E-02 -6.899766948280847E-01 -7.607377725512036E-01  2.409250228164713E-01
 7.792865375883882E-01  7.193668438669443E-02  5.955944688481885E-02  1.220254379297685E-01  6.214314155799128E-02  5.186863708002702E-01
 8.784052797399392E-01  3.224046510514023E-02  1.279819054098747E-01 -1.569365050276366E-01  3.708325860938128E-01  7.065809094451896E-02
 9.496770652016672E-01  1.206874362576846E-01  1.393856057858715E-01 -4.947484454789571E-01 -6.705335451667557E-01  9.071457041211757E-01
 5.088923171400773E-01  1.542701095403913E-03  9.878219954068765E-05 -3.677994331425058E-03  1.579621913709572E-01  1.800859556931028E-02
 9.585842707427000E-01  9.044838834442696E-02  1.858415948281343E-01 -2.286222494445383E-01  4.542723065265871E-02  4.665043666047644E-01
 8.570328952184798E-01  1.123991845841377E-03  4.728544635115016E-01  2.046165397341450E-01 -7.031559344557388E-02 -3.477616833756171E-01
 9.147465332622802E-01  6.344228567822248E-02  8.774839275421419E-02  1.798621533581480E-01 -7.652872337109794E-01 -9.748971533083826E-03
 7.573793452791944E-01  7.784010582082431E-04  1.820410693390096E-01  3.423078703180266E-02  3.676568515940470E-01 -4.348350325415207E-02
 8.296640310855512E-01  4.516582580651227E-02  2.079410307595290E-01  7.138347370933320E-01  2.308248704522478E-01 -7.454913921770134E-01
 9.120668538942851E-01  1.018826906216882E-01  2.318943494296870E-01  9.275687484604658E-01  2.395829323074046E-01  7.964411845831929E-01
 8.966662429673434E-01  3.215730793266137E-02  3.572833645075180E-01  1.580438003917035E-01 -2.699585056836799E-01  7.991527312296712E-02
 9.191908112568178E-01  9.997982256150525E-02  1.872814192979860E-01  1.977979812603608E-01 -3.236374101739279E-01  1.099547022096186E+00
 8.357408065088915E-01  1.834533958233152E-04  3.455071374766204E-01 -6.399237013161879E-03  4.758690973606142E-01 -3.060408066606419E-01
 7.661471900996565E-01  4.517935659797985E-02  1.409894972779999E-02  6.947220280646797E-02  3.247753754976616E-01 -2.854318895193957E-01
 8.940730651388902E-01  3.254859504326151E-02  4.609021109886627E-01 -8.254039611703603E-01 -1.303065199090110E-01 -5.450196029341198E-01
 8.017095776982310E-01  9.831526709965748E-03  4.542807024768957E-01 -1.764866533205256E-01  1.801623600381809E-01 -1.130064342873161E-01
 7.950792295008521E-01  1.152165536780780E-04  1.956736083103954E-01  3.851162194138545E-01  5.719092033802319E-02  8.640284887271880E-01
 6.956283221746067E-01  5.670876004607702E-03  9.221869224846946E-02 -2.801577268233887E-01 -1.354858701991601E-01  1.708362553363164E-01
 8.947332659422669E-01  1.343897739560380E-01  3.624364078490045E-02 -5.780960137979356E-01  3.630571673979482E-02 -4.843608937574664E-01
 9.475488958709543E-01  4.374559377170879E-02  1.829856706587721E-01 -2.952354765619211E-01 -5.219480307004489E-01  1.061234006691070E-02
 6.283974978739456E-01  1.692620006839084E-02  1.206816655541792E-01 -2.523954065703693E-01 -2.445485399922173E-01  1.063879811757898E-01
 8.273688931483199E-01  1.770447212598065E-03  8.234224054821661E-02 -3.850114654029191E-01  7.792115302992248E-03  2.542617350115982E-01
 8.886366835773983E-01  8.000306215469039E-02  8.454643470775353E-04 -4.631562380426552E-03  5.192925262430499E-01  4.067266573566370E-01
 8.493275331519817E-01  3.587080051478935E-04  1.948692047995549E-01 -2.295489271583813E-02 -3.859755947050166E-03 -1.250202102070953E-01
 9.381940444138164E-01  1.600970559657504E-01  2.305550459334040E-02 -5.281135524039472E-01 -1.084163080701409E+00 -7.736447756102716E-02
 7.927392189535875E-01  1.115010106743993E-01  6.254959056831958E-03 -4.236920389138281E-01  2.346624103534109E-01 -6.331393684267622E-01
 8.701212481065935E-01  1.585692017757231E-01  1.144901692762124E-04  9.916786649174394E-02 -1.226760394628997E-01 -2.187466696566693E-01
 9.516046362736780E-01  1.130206680195892E-01  1.510124643188897E-04 -7.924557245650153E-02 -2.552636802715606E-01 -3.711817430829867E-01
 7.773516859572601E-01  5.625057745151481E-02  4.118522054895460E-01 -1.603141071515620E-01 -3.798224001839461E-01  6.798575056351034E-01
 9.850022078696081E-01  2.609680291288355E-02  4.354218252711491E-01 -2.675045135465610E-01 -4.376464825688567E-01 -1.100064897009378E-01
 9.670076275324618E-01  1.061622017861947E-01  3.492474526218768E-02 -3.286610215207010E-01  3.130077181389531E-01 -2.760522252548662E-01
 9.599097126444682E-01  5.079796696835157E-04  4.078711502849782E-02  1.135628288118594E-01 -1.048405151299059E-01  1.648189527135077E-01
 7.378592950785692E-01  1.776365929973550E-01  3.471362594041490E-02 -7.074655660815877E-01 -3.185153491162168E-01  3.829256395993238E-01
 9.967489589479320E-01  4.589770262962211E-02  3.912809286792667E-01  3.335561929654557E-01  3.572236274592000E-01 -5.892942842578691E-01
 9.926956796261293E-01  8.836670864442517E-02  2.221884174867412E-01 -2.053083489172908E-01 -5.528206098171080E-02 -2.777987294246525E-01
 7.761802500917812E-01  2.096828715516587E-04  1.372903866761091E-01 -2.854212498001900E-01 -2.491995967973765E-01 -1.148050805323095E-01
 8.654043838263505E-01  5.124959026954343E-02  4.204127730962578E-01  7.571728437715278E-01 -6.500895489761461E-01 -4.425802192090958E-01
 7.224443607418815E-01  4.672941612699924E-03  6.189560927309827E-02 -2.432846341844908E-01  2.596970311982698E-01 -7.550432936474091E-02
 9.039307397581358E-01  2.439801628747516E-03  2.441339195676495E-01  1.423745545212759E-01 -6.392737439131606E-01 -6.933335428826945E-02
 8.804493069700178E-01  6.821451274453121E-05  3.546819704901538E-01 -2.815243405082905E-01 -5.602667313637231E-02 -9.441642705298953E-02
 9.505247624466843E-01  1.600456668511873E-01  2.903035496126617E-01 -6.892633124899777E-02  4.566986846579612E-01 -3.577066248526818E-01
 9.213789864882220E-01  3.453990767769243E-04  1.621239397939494E-01 -4.465841530357498E-01  5.769592296283673E-03 -1.957669299347141E-01
 8.007110543847370E-01  2.797090358565106E-04  4.050020615197574E-02  4.237153114522051E-02 -2.422238240227074E-01  2.929913099454431E-01
 8.942044241700871E-01  1.334470029382660E-01  2.511146402877365E-01 -5.529120707503742E-01  4.221710947274884E-01  5.527728673566951E-02
 8.415947029071196E-01  1.096680557181537E-01  1.386886528170003E-01  4.510652269199580E-01 -8.877456385337986E-03 -3.007800742489917E-01
 9.563991196552035E-01  2.267820208463767E-01  4.345447893276337E-01  2.000498991285158E-01 -1.107082854700855E+00 -1.096953501089863E+00
 9.518923896822655E-01  7.299726240264384E-02  7.548378957446950E-02 -3.444556129704817E-01 -9.358582123390215E-02 -1.583173376108667E-01
 7.063311902855106E-01  7.191980733414478E-04  5.650526282822955E-04 -2.991113624367758E-01  7.992362925228108E-02  1.118596631703231E-01
 7.813744203230061E-01  5.655323542029508E-03  3.015670308350828E-01 -1.300610605275764E-01  8.482395092021147E-02  2.512422190649594E-01
 7.826666560980178E-01  2.227885746190899E-04  2.591226397265615E-01  1.609233557397401E-01  1.109646914849324E-02  2.155495223213643E-02
 8.186377745640248E-01  4.461418554673994E-04  1.410870739439860E-01 -2.790144649697487E-01 -1.291343838153313E-01  2.314981497630983E-02
 9.158072915475254E-01  1.659326690610748E-01  4.128487464256791E-01 -4.437788282492752E-01 -8.241374235863096E-01 -6.376924603965943E-01
 8.690846073299811E-01  3.791248604888684E-02  1.505044732218618E-03 -5.021190363304682E-02 -3.499118120660172E-01  9.245041101991133E-03
 8.404667871398177E-01  1.279805148042640E-04  3.857801731246383E-01  2.974981101122832E-02  2.465395947689031E-01 -4.752020363200461E-02
 8.927831537558911E-01  5.777914726084282E-02  2.762081099416487E-01  2.904192536433941E-01 -8.577602256105065E-01 -4.017115445726090E-01
 9.372394459639235E-01  1.423601824125500E-01  1.700588780527464E-01  1.335962418995371E-01  5.268941013086911E-01 -2.978556119912560E-01
 9.346205717807738E-01  1.444536395969408E-02  4.769507432894110E-01  5.969050069148943E-01  2.826461621068161E-01  5.363510850232304E-01
 9.684703188760758E-01  3.859016420351212E-02  2.812979632075601E-01  1.255739555102933E-01 -5.257697255717977E-01  1.519980012127007E-01
 6.825541725087972E-01  1.053576540170896E-03  4.990941357567985E-02  4.063736735755100E-01  3.862011018005935E-01  2.653221794857655E-02
 9.694096024301362E-01  1.191966194825905E-01  1.053313883772950E-01 -1.246893837369815E-02  3.368766330258562E-01  1.399989562015115E-01
 8.677681631336669E-01  6.285651160601861E-02  1.488128868014802E-01 -5.402728722057427E-01  1.860613697065139E-01 -1.839930882481839E-01
 9.997102983607566E-01  5.041315926750224E-02  1.294084060356717E-01 -6.394915395453990E-02  5.899707658832719E-02  4.209169544997771E-02
 8.334209999810607E-01  3.276058451776603E-02  4.685573633119221E-01  2.281775834453960E-01 -1.250064058772857E-01  6.370786182043721E-01
 9.220803798795932E-01  2.793537331657077E-02  4.896696012499490E-02 -2.427421738737109E-01  3.025705765198534E-01  1.684460597338779E-01
 8.752611334090162E-01  2.320680780857334E-02  3.921429085688360E-01  5.332582266922756E-01  1.271786023621379E+00 -2.425748709673889E-01
 7.366914176248904E-01  1.689766961573001E-01  1.066503727703711E-01  1.120924956298923E+00  1.237538806318672E+00 -2.046313249676263E-01
 7.724319971870961E-01  3.889832969096280E-02  3.444905123911941E-01  6.510925548995853E-01  5.179407712582402E-03  3.739663743794044E-01
 8.014949639042762E-01  6.596328729574748E-02  3.739288487947750E-03 -1.807996005231820E-01  8.461476966080994E-01  2.202288639235563E-01
 8.178338690602329E-01  4.553887960188500E-03  4.160930876584429E-01  4.633564604845274E-02  2.025707005434078E-01  7.991736397245344E-01
 7.530074889423005E-01  6.414821973282974E-04  2.308539760168920E-03  3.092158127826880E-01 -2.354965308714445E-01  4.833676397677124E-01
 9.342741708983118E-01  1.558118418125658E-03  2.048285386197089E-01  2.739633715021815E-02 -4.571367300343848E-01 -1.228992335654157E-02
 9.695230250018068E-01  2.279847947265557E-02  2.116664865056805E-01 -1.469032403975318E-01 -1.712767305157172E-01  3.396515291711703E-02
 9.508004497586189E-01  4.984797740005086E-02  3.911526191250162E-01  1.561211149661994E-01 -4.207443169460356E-01  1.016680322351364E-01
 8.470755430426725E-01  2.592121419561883E-03  4.234861404558284E-02 -1.755748404808704E-01 -1.067756468298666E-01  2.804293899607712E-01
 9.513813816868972E-01  2.079599296379875E-03  2.603191971257692E-01  1.828961983062259E-01 -2.574689918957604E-02 -4.198225669197918E-01
 8.935984167865546E-01  2.243507880927868E-03  2.004315465321820E-01  4.014751169000120E-01 -2.751527592739784E-01  6.271283758231851E-01
 9.693661512512406E-01  7.240443688831079E-02  3.063274620751084E-01 -1.950266967250972E-01 -7.338739518442648E-01  7.705971872533204E-03
 7.005733312800139E-01  1.603697987017135E-01  5.472553249358323E-02 -7.246213887378407E-01  1.634962747520556E-01  1.756219261312802E-01
 8.923546930308420E-01  8.803081277859595E-02  3.738693322385339E-01  6.591986872436304E-01  5.801308290301957E-01 -6.786607164476680E-01
 9.299880135536664E-01  7.680919667138460E-02  5.063062633151404E-04 -2.503019159769368E-01 -1.981947967932439E-02 -6.055842373827048E-02
 9.963738590753010E-01  7.965439225991587E-02  3.757152859735258E-01  1.003503617459415E+00  5.259100267109855E-01  2.573637344116955E-02
 7.529261212698058E-01  1.528471265874017E-01  3.411132057984919E-01  7.271824279460957E-01 -3.315888747606008E-01  9.264832334300167E-01
 8.897835070058372E-01  5.011238642660176E-02  4.238136514417199E-02 -2.741399560289824E-01 -4.660831512261301E-02  5.159087436918220E-01
 9.651129903698634E-01  3.033152127409074E-02  6.384496979663572E-02  3.404610000801529E-01  1.756884952080577E-01 -1.234571377115759E-01
 7.550737401447085E-01  7.948245887267996E-04  3.854914882776449E-02  3.540729912706843E-01  1.546707330980369E-01 -6.371503915722941E-01
 9.775941894949230E-01  3.658354372090880E-02  3.577675669899805E-01  2.275990445386527E-01  1.821041442118995E-01  1.283084569057586E+00
 9.612801407733919E-01  3.528011958116801E-02  1.387061218621794E-01 -2.655579872234659E-01  3.291001551431436E-01 -3.957334096452106E-02
 9.307735977555007E-01  3.324226750186458E-02  1.075135518606166E-01  1.020376070585562E-01 -2.330835528755155E-01  2.390364712226013E-01
 8.849323204472967E-01  2.616117718835618E-03  1.565128929359183E-01  4.118881849717660E-01 -5.259555976815047E-02  2.623879942571507E-02
 9.380367175942662E-01  1.616118662315850E-01  4.934376783570312E-01  4.121634662283679E-01 -3.935079392041815E-01  2.586244407140468E-01
 9.399017525166306E-01  1.428420914321108E-01  5.301535680617207E-02 -3.043281802879033E-01 -1.672651517952922E-01 -8.211567599719140E-01
 9.695886400632532E-01  2.256316643870835E-08  3.849059595995491E-01  1.455495723857402E-02  7.230484646393814E-04  3.880344748060423E-03
 6.687176276834909E-01  9.356232968422214E-04  2.028782225985793E-03  2.858433979845779E-01 -2.841260668347915E-01 -5.583455745456721E-03
 8.826732253003730E-01  3.312117571640338E-03  1.606889023898986E-04 -1.567127880268194E-01 -1.060156909474160E-01 -8.671844183435821E-02
 9.605696036523973E-01  1.736399509638145E-01  1.631872633319087E-01 -5.584144957921936E-01 -8.775134714933550E-01 -1.056893535998414E+00
 9.539057073926157E-01  9.935518519125880E-02  2.322959865222504E-01 -2.950796672650455E-01  2.394148674925549E-01 -4.861208068164149E-01
 7.300544818428568E-01  3.184198134909991E-02  8.181191798968255E-04 -1.961842961827258E-01 -1.445316426235211E-01 -2.269629789304666E-02
 7.828336868352438E-01  1.805680877965119E-01  2.178928482658031E-01 -5.179270121290843E-01 -1.038931218210808E-01  7.378009315486024E-01
 9.489263809124866E-01  1.856409848739813E-01  5.861451477139171E-02 -3.318917478023958E-01 -1.293656230645622E+00 -2.446255706098374E-01
 9.710556767897142E-01  7.897430681964890E-02  6.701040578490730E-05  3.585880339727998E-01 -1.216252940294028E-01  2.980122598248654E-02
 8.329214278562664E-01  1.506174647429155E-01  3.134957734855778E-01 -1.092167855986603E+00  6.901597660443632E-01 -2.086959418254438E-01
 6.891936828577955E-01  5.016906189571781E-04  4.375801878840561E-01 -4.874747660735823E-01  1.069042989940649E-01 -3.768029762362100E-01
 9.939167653767929E-01  4.161931033159334E-02  1.774350419680439E-01 -4.345321302524953E-01 -4.123523844010103E-01 -2.579520646322975E-01
 9.986761560417632E-01  3.201699031431623E-03  4.113941561243680E-01  2.031468121787305E-01 -1.445626734590517E-01 -9.351661093526779E-03
 9.973529068731993E-01  4.937536213745995E-08  2.363402066332370E-01  1.482346623900919E-03  1.612861386723468E-03 -1.428356607414865E-02
 9.200123945739285E-01  8.254307007344371E-03  4.313151752347453E-01  6.379781884998604E-01 -8.211199536794810E-01  7.343312721998056E-02
 6.709171330143567E-01  7.045622913362763E-04  3.084102986691783E-01 -2.669735846969952E-01  3.903191774578161E-01  2.772239361896268E-01
 7.563816062421259E-01  3.616037097186514E-03  3.932655740025136E-01 -1.938584624932890E-01  4.953939135112440E-01 -1.324392752275488E+00
 9.742341101518907E-01  5.088659797801404E-02  4.633279103915682E-01 -6.102208198413677E-01  7.209104749405636E-01 -5.463999394518501E-01
 9.057547189522982E-01  5.412181754868349E-04  3.867587967283423E-01 -2.639099188142635E-01 -1.255552744604015E-01  4.046018914137051E-01
 9.647302294708614E-01  2.338941846610103E-03  3.383155144829939E-01  1.036288552916853E-01 -3.750404603316328E-01  2.973165620726904E-01
 8.045744424759715E-01  1.654602506051883E-01  2.437755370932054E-01  1.080814556992301E+00  1.121687414471296E+00  5.512904772284504E-01
 7.038410520687840E-01  1.041602514406537E-01  2.897055595148262E-01 -6.911540719724046E-01 -1.314612023771817E-01  5.231295438543745E-01
 8.390930691715801E-01  7.360352520202181E-06  3.071590723646574E-05  3.644473569849938E-02  1.109677402238899E-02  3.797711891600491E-02
 9.551399356933035E-01  3.528150475910015E-04  1.325911011718689E-01  3.447382244207045E-03 -1.620285779793843E-02 -1.318218997643136E-01
 9.478177224455380E-01  3.762036451476911E-02  6.378118195498815E-03 -1.593570492065619E-01 -2.370712461421972E-01  5.407939089812224E-01
 8.808437707677124E-01  3.765274575127862E-02  2.450550537844955E-01  6.046500610802383E-01 -4.598099145648195E-01 -3.388663230676829E-02
 9.970064194793522E-01  4.499721507452414E-02  3.508906189466699E-02  4.227179854189018E-01  8.530447791654364E-02 -3.002628275962914E-01
 9.624114092338509E-01  3.208099581468446E-03  1.729270058938114E-01  1.273185351808641E-01 -2.815531712981084E-01 -1.557644674739859E-01
 9.981376269641616E-01  6.867491128373000E-02  3.397736549923572E-01 -3.151372330092307E-01  1.905335684645775E-01  4.432034524016695E-01
 8.610433475980667E-01  1.838174770057290E-03  2.306276666025807E-01 -1.059586118707811E-01 -1.792537525321580E-01  4.711560878703962E-01
 8.746732923137810E-01  8.881099202696166E-02  4.458511921407322E-01 -2.838759360267624E-02  6.555764866661696E-01 -1.615688652898363E-02
 7.608681738389095E-01  1.852111159471555E-01  2.925824243540237E-01 -1.023641264217489E+00 -1.152879170624439E+00  5.280099835429987E-01
 9.996114138877173E-01  1.149821591185323E-03  1.560059330157085E-01 -1.490074551920567E-01 -5.528053124898910E-02  8.411005782279289E-02
 9.997059086758514E-01  9.155385139031923E-02  2.344640203888410E-02  7.309048562059515E-03  8.135736242205412E-02  1.225437110459627E-01
 9.980505095800201E-01  3.827078921224483E-02  3.109371426178826E-01 -6.809035894445110E-02 -1.385827254299326E-01  2.850173031046340E-01
 9.955798132809701E-01  1.316767380140147E-01  3.727961625304888E-01  4.732588362930075E-01 -1.066318836918617E+00  8.759336657986345E-01
 9.407713437648075E-01  6.334705669459383E-02  3.398721500498748E-01  4.460514950609245E-01  1.102269879320869E+00  3.378162909315611E-01
 9.679071555361497E-01  1.446413349192823E-01  4.334166929098430E-01 -4.999575144219583E-01 -6.394045650646383E-01  4.642435053106948E-01
 9.831161194320622E-01  1.149850046496835E-01  4.324723901000920E-01 -6.397927104946095E-01 -4.556331739476990E-01  1.076332889190023E+00
 9.670709013559682E-01  1.693898965044492E-01  2.475054188583485E-01  2.672306052879158E-01  3.125453807436764E-02 -2.059313736512422E-01
 9.597800143842156E-01  7.203557081655958E-04  2.970095897259483E-01 -5.498643229756704E-01 -1.255368226457345E-01  2.778058014109892E-02
 7.779726800698298E-01  1.087917387731268E-01  6.892519323228666E-02  2.991692109728946E-01 -8.963930722146185E-02  2.628160709868443E-01
 9.996244542370420E-01  1.141338394685424E-01  1.877260595106164E-01  7.085399362121024E-01  5.747205465619478E-01 -3.952061729451946E-01
 8.886656204947548E-01  1.171389741437610E-01  8.515837692481714E-04 -9.669557643092649E-01 -1.837734596703992E-01  1.754123651422992E-01
 9.462936964571672E-01  6.457570476378545E-02  3.573790538647313E-02 -1.248990911956898E-01  2.845053466848500E-03  5.807443167316693E-01
 9.913718197017567E-01  7.612539190462828E-02  6.424757774683613E-02  2.969461571245939E-02  1.400468955239384E-01 -2.117052537983098E-01
 9.219499538517310E-01  1.507367229895770E-07  1.990057237666914E-02  5.868923992849989E-02  1.042356117666533E-02 -1.385231253339135E-01
 9.628106860954780E-01  1.952615896846733E-01  9.364662430058192E-02 -4.334159182669652E-01 -2.522672940238742E-01 -5.843191080107536E-01
 9.999443383163988E-01  5.245630829622078E-04  9.707161647952829E-04 -3.246754093040940E-02 -1.959393981534736E-01  1.760257832407787E-01
 9.982007333161091E-01  1.458756709926295E-01  2.035779431425876E-01 -8.687688054173447E-01 -1.206681728436912E-01 -2.704194843102375E-01
 8.612409074610421E-01  6.449416101964491E-03  3.124873016459828E-01 -8.399692335025905E-01  3.498548103438344E-01  6.658143064207085E-01
 9.998034317110539E-01  8.451082159284261E-02  9.663639678413473E-02  5.775161159399212E-01 -5.405719907433748E-02 -2.418684426287523E-01
 9.115818349356428E-01  2.573984479226726E-03  1.230976352832833E-01  2.214648325127903E-02  1.112140976907719E-01 -7.025545369687920E-02
 9.812487477695189E-01  1.126163547619651E-01  2.825555729812481E-01  1.369095335644650E-01 -4.813815677554605E-01  2.455819929201017E-02
 8.902165700823155E-01  1.680141253666191E-03  4.173240977148347E-02  2.615173665695783E-01 -1.774076838950284E-02  2.313154510740718E-01
 9.716416448108370E-01  2.165276909467928E-01  1.202716945578206E-01 -3.147766185355462E-01  1.810765696985501E-04  1.686602631583407E-02
 6.929036813723025E-01  2.543712749412519E-02  1.315464407330733E-01 -3.233590374904545E-01  8.320253168711390E-01 -7.415037437675891E-03
 8.010821460870132E-01  2.139592616438736E-04  3.091905519087153E-03  3.158596057046441E-02 -1.658797421209539E-01 -2.365427086958154E-01
 9.474940278972935E-01  9.600855032893073E-04  9.062123529322581E-02  1.836725622122161E-01  2.129942736536950E-01  1.548464449676915E-01
 9.996655921000402E-01  1.322431347372438E-01  1.576987908947665E-03 -7.555134560044170E-02 -3.522573098312492E-01 -3.604038088268756E-01
 9.992876738660096E-01  1.018885534361195E-01  3.110812652560376E-01 -7.561799129931025E-02  2.090369472009334E-01  1.620459068504003E-01
 9.992924443127744E-01  5.343919031727545E-03  1.168871021404244E-01 -3.828943895032657E-03 -2.940187055620902E-01 -2.576891027900794E-01
 9.752983801011786E-01  1.526155020357450E-01  7.819757556155531E-02 -1.296721667718849E-02 -5.568958832468639E-01  4.622039023489580E-01
 7.635912191149918E-01  1.895411367917885E-01  2.593603135694408E-01  4.426449961365147E-02 -8.666286496115230E-01  2.470360556534373E-01
 9.999607250637265E-01  7.527162759553227E-02  1.648652011469792E-01 -5.016149193906690E-02 -8.044041506071989E-02 -3.446866343547647E-02
 8.469970486917250E-01  1.855358241917989E-01  2.050716061456005E-01  4.185766768526896E-01 -2.121590686727037E-01  9.089353927520062E-03
 9.997626315833967E-01  1.667868180929681E-03  1.936955752753819E-01 -6.135094921719394E-02  8.134673916566559E-02  2.298964973910018E-01
 9.980320806092599E-01  1.619310285661125E-03  3.588809297958903E-01  4.502710876898176E-01  1.646505654654837E-01  6.120270178887147E-01
 9.602076138431382E-01  2.363961522133371E-05  5.723044819146513E-06  1.017159806836342E-01  9.764452084948284E-02 -2.502540282208627E-02
 9.931465348161403E-01  3.891300238888654E-02  1.758312044769683E-05 -1.552839063471709E-01  1.008705715786126E-01 -5.107148450379201E-02
 9.111969003032633E-01  2.293909157849568E-03  7.868330283283151E-02  2.031598340005221E-01 -1.637497597069923E-01  2.807333683314361E-01
 9.933586866658135E-01  1.195047296381052E-01  7.268565919888459E-02 -2.665070208364501E-02 -2.615880998402343E-01  1.981384386780774E-01
 9.992458833716109E-01  9.993659332029208E-08  2.710072235828416E-01  3.269680699915336E-03  1.426686617806624E-03  3.806354297929987E-02
 8.942016667219976E-01  1.573192679389636E-01  1.351499845005351E-01  5.168442241195197E-01 -4.735954190217054E-01  5.756008317487162E-01
 9.966548329830925E-01  5.138265382586925E-02  2.395673144906321E-01 -3.267454240301921E-01 -2.045375699473483E-01 -1.076304138676241E-02
 9.999993325863952E-01  3.348667618695582E-04  4.014816704563740E-02  1.707110024983186E-02  4.532933549918269E-02 -8.234287512806800E-03
 9.997107645192518E-01  1.609006058300083E-03  3.140083592660714E-01 -3.770291460221013E-02 -3.994908345211095E-01 -5.186582720643838E-02
 9.892886352400958E-01  1.402800298747651E-03  7.920565901794628E-02  1.158409287346572E-01 -1.280782238365385E-01  6.446721255562760E-03
 7.028604838619421E-01  1.617892443676678E-01  4.287019497578302E-01 -3.904702253735223E-01 -2.670334122481047E+00  1.809784707644823E-01
 8.207301715156367E-01  1.866334890966334E-01  4.318941995792203E-01  8.051241626461536E-02 -6.940021286439988E-01 -9.603019091884548E-01
 6.793956326389703E-01  5.402681139975185E-02  4.706397830799304E-01 -2.744215881583662E-02  1.393897441236712E-01  6.516849599492415E-02
 8.383615733462199E-01  1.793061543641546E-01  4.043828588866016E-01  5.753686557520972E-02  5.005236079284057E-01 -6.574998125347749E-01
 9.251126469255342E-01  6.177459777531542E-02  4.702936279780593E-01  8.469925121216021E-01 -4.616559328260543E-01 -1.064446051432666E+00
 9.919293242169324E-01  1.176809864551873E-01  4.973149332741669E-01 -8.797144253460423E-01  3.946239279159362E-01  5.704830052719231E-01
 8.670883943107186E-01  5.058605432468533E-02  4.835810499666294E-01  1.117918101271865E+00 -6.622630740115509E-02 -2.097226862196130E-01
 9.014084139421759E-01  3.839604484771078E-04  4.816353739830839E-01 -6.373891504262442E-01 -2.858209002967760E-01 -1.311833921814300E+00
 7.362254439350920E-01  1.480500261480223E-02  4.977910035557834E-01  1.289729491220550E+00 -7.298024671345910E-02  4.473858131381495E-01
 9.625316545158584E-01  2.910697104083014E-02  4.941994572764051E-01 -1.446298647775060E+00 -2.910065082134075E-01 -8.768716627459211E-03
 8.066213206753247E-01  3.988169400058959E-02  4.975910772175324E-01  2.223051512631542E-01 -4.419464067075861E-01 -3.655921873257443E-01
