 8.555718368225990E-03  2.723371903254236E-07  9.354822471673567E-03  1.398566528810248E-03  8.934560904521806E-03 -7.172755168587539E-03
 2.351573848700102E-07  2.011550349351546E-08  4.888818540894004E-02  2.961651737807159E-03  2.070003844950645E-03 -1.237664209373568E-03
 3.507405572294810E-08  3.455855750638517E-07  8.847707575724047E-02  8.319799098632631E-04 -4.008245779426940E-03 -9.736615722805641E-04
 1.162387991445229E-07  2.110413047468936E-07  1.279693184543406E-01  2.723124402388112E-03 -2.339968846494783E-03 -2.202921688694839E-03
 1.110237293253903E-07  2.705399081040224E-07  1.676900718223330E-01  2.585957672175855E-03 -3.053463532425212E-03 -4.362755205932716E-03
 2.234450644229674E-04  4.638373870656314E-08  2.059836191165368E-01  7.209794825801391E-04  1.526981829182182E-03 -1.859042099274184E-03
 2.064664993413303E-07  2.443778428185000E-07  2.453693258754017E-01  4.935417426941226E-03 -2.787129302283959E-03  3.044896714532944E-03
 9.090761933218613E-08  1.490177289381751E-07  2.839913830784713E-01 -1.024332088065350E-03  3.557864534388134E-03 -3.371296486732199E-02
 5.629896473068711E-07  6.614738715532470E-07  3.221115773868857E-01  1.310594717436546E-02 -7.652197374020604E-03 -1.069395285778736E-02
 6.357016406683672E-08  1.192027691899371E-07  3.602329079088067E-01 -7.158549980724603E-04  2.452966467161843E-03 -2.476549471114828E-04
 9.436754338975517E-08  5.732325197162007E-08  3.974569168600726E-01 -1.087866449513519E-03  1.347134797481473E-03 -2.598554265217701E-02
 9.046786210640726E-08  2.580683385449105E-07  4.339530219092468E-01 -1.066142184650408E-03  6.069653797303183E-03 -2.426758295025537E-02
 5.165762007157457E-08  3.480083617041803E-02  1.231957606413488E-07  1.788150196723874E-03  3.817599946730197E-04  2.981549948036484E-03
 1.000521606614931E-05  3.859548676749299E-02  4.271028355591422E-02 -1.187648546832990E-02 -1.094738059217198E-02 -2.000762766847667E-02
 3.572175072149991E-07  3.904366729488415E-02  9.083305077172264E-02  8.022161557121512E-03 -1.169631333328026E-02  1.612451695778373E-02
 4.783498507281955E-08  3.878337955471067E-02  1.348917603033102E-01 -8.510811102517069E-04  1.866586673916045E-02  1.147955725843816E-03
 1.429640430281783E-07  3.955593397871894E-02  1.778771530539138E-01  4.739640715027884E-03 -7.973096499740760E-03  1.395814477072468E-02
 1.501399040307652E-07  3.786447093803652E-02  2.286999872377305E-01  4.977968155917957E-03  5.431488873872818E-03  6.623523678000964E-03
 2.518172164785914E-02  3.274894674618801E-02  2.669051491320718E-01  1.187183185195027E-01  4.710940815576809E-02  2.304807461033831E-01
 1.595246090802408E-02  3.522301164863801E-02  3.113901745336447E-01 -1.091200182634132E-01 -1.382878051778302E-01 -6.721371270733366E-02
 1.628927958398839E-07  4.306895593558777E-02  3.523488795062661E-01  5.380705981118835E-03  1.306773562768705E-02 -6.364506409327582E-03
 1.966257235155026E-02  3.792945808564989E-02  4.210550619523709E-01  4.767135491412147E-01 -3.589636772108913E-01  2.679837427744872E-01
 2.066383653813121E-07  7.378000882341680E-02  1.819109105127446E-07  4.867086105858695E-03 -3.687436964722706E-03 -2.086268507825303E-03
 1.251334589315505E-07  8.439126849048062E-02  4.124180783210925E-02  4.097731008399889E-03  8.265859005624415E-03 -2.051761020116220E-02
 1.196061023016231E-07  7.781345443994932E-02  8.092050448173543E-02 -3.828092930566170E-03  1.009094367309535E-02 -1.190045747799210E-02
 1.693453016749731E-05  7.598456049590445E-02  1.201502512197877E-01 -2.701091280566155E-02  2.122963569007651E-01 -1.298420574079834E-01
 5.894093943262761E-03  7.383035632351310E-02  1.612141205873685E-01  1.599178879495894E-01  1.272136344365478E-01 -6.145752643391030E-02
 1.560280948541541E-04  7.104976628308490E-02  2.089049169466208E-01  3.686835477308034E-03 -3.095770105241391E-02  1.059847140876448E-02
 2.423657186697009E-05  6.289612562557308E-02  2.688980435433653E-01  2.465612025140579E-02  1.505844598970089E-01  6.678835462482695E-02
 3.886895877619936E-04  6.936690046014854E-02  3.151104628830580E-01  2.183841233302453E-02 -4.981052173441711E-02  1.779124038790825E-01
 2.134572755386558E-03  6.076410912743917E-02  3.912933338723262E-01  8.564900182201765E-02 -3.093025333319445E-01  1.568242963473564E-01
 8.093947669923465E-04  7.302103761912856E-02  4.336703531950875E-01 -8.574614256228493E-03 -4.618793744800106E-01 -5.250763768055364E-01
 9.199843231132906E-05  3.948140985737233E-02  4.582413900367914E-01 -1.808492489690003E-02  3.719181457367263E-01  9.685421278609581E-02
 1.067817703214007E-04  1.122954774548127E-01  5.701926485903551E-10 -6.030298474390560E-03 -3.375687077070394E-03  1.934356516864281E-05
 1.394925528097273E-05  1.214028534474594E-01  5.297031729333759E-02  1.608998042611104E-02  1.418006730812153E-01  5.824002894225803E-02
 1.920745286745650E-04  1.165440706015176E-01  9.756932413486971E-02  4.700378470654482E-02  2.574402018774424E-01  3.563978009164088E-02
 2.246860451787748E-04  1.136115774575368E-01  1.424797468356393E-01 -2.392056160211293E-02 -6.694029213943772E-02  1.833546375076579E-02
 2.133402189210975E-05  1.072913091333411E-01  1.860956684141893E-01  5.395503801674470E-02 -1.268665665931810E-01  1.315704251649351E-01
 8.132560027144428E-05  9.451411123972102E-02  2.440519697937810E-01  2.606955203830933E-02 -3.843739747465335E-01  1.850839999045898E-01
 4.003547692699436E-04  9.737822081873727E-02  2.892186124750485E-01 -3.518819674666331E-01 -6.063547243803073E-02  1.189271755318834E-01
 2.416498841879032E-04  8.474754704705134E-02  3.607275941594816E-01  2.819844048314858E-01 -3.076596261330434E-01 -1.742179384227379E-01
 1.656572013661519E-03  1.004690866111343E-01  3.993476576227222E-01 -1.304908295636582E-01 -4.736804495381051E-01 -6.799384576763989E-02
 8.357495845270428E-03  7.722110220681103E-02  4.721884777728420E-01  5.218121565769844E-01 -2.548803751466177E-01  2.940750085858846E-02
 2.201432307113243E-08  1.505355586818022E-01  4.489374026120966E-08 -2.410201513877564E-04 -3.435644627956412E-03  1.055150569350076E-03
 1.006549740361992E-03  1.613937706481027E-01  3.999163359788217E-02  1.102481207035110E-01  2.165329634778618E-02  5.370511225846855E-02
 3.522437819303381E-05  1.568105423748064E-01  7.905462252723275E-02 -1.243018933455906E-02  5.169656858586532E-02 -1.341624255282156E-01
 2.434551431501980E-04  1.463673760428774E-01  1.242015877586431E-01 -2.234241486008329E-01 -3.122461493955672E-01  2.231281110606192E-01
 1.365383380386958E-03  1.459518997314273E-01  1.862594230901991E-01 -1.521557244316196E-01 -7.508514148698447E-02  1.933172537760784E-01
 1.106389976377659E-03  1.276790186782910E-01  2.237444733490700E-01 -2.643159624789451E-03  6.927676893522330E-03 -1.362733444717842E-02
 5.004417550131930E-03  1.358133212459857E-01  2.735189746985521E-01 -1.669650819533748E-01  5.594733281144906E-02 -3.801807610204919E-01
 1.187952745129832E-04  1.157116110745139E-01  3.335020282670191E-01 -8.102574782356141E-03  1.652099180397699E-02  2.167341591854217E-01
 1.059812979952156E-04  1.302692505588626E-01  3.677788589611290E-01 -2.960798019684334E-01 -4.600337791214749E-01  3.015669989048629E-01
 1.719298498497246E-02  1.192565197831660E-01  4.460806298727092E-01 -6.441898630149566E-02 -2.625161046547677E-01  2.255244230332561E-01
 6.478161479346879E-08  1.894014613001551E-01  7.911176752939782E-08  1.686715151195777E-03  5.327025566843078E-03 -8.691059395900374E-04
 7.363353850899650E-04  2.037821898601757E-01  3.949083429173749E-02 -6.361373098154846E-02  2.231079372432070E-01 -4.090027943421365E-02
 1.760327838013904E-03  1.861067247085257E-01  1.089492218672611E-01  1.851206234278071E-01 -7.045491508510603E-03  1.059692779630659E-01
 2.540242917479094E-04  1.755449944060637E-01  1.592314415809016E-01  6.519319054515186E-03 -4.927966816437864E-01  9.107039474095932E-02
 4.134733653084621E-02  1.778581177440871E-01  2.193466091774073E-01  4.335115296299856E-01 -2.933966853037813E-01  5.948506214337050E-01
 7.021542367132040E-03  1.748751535774169E-01  2.664749639018097E-01  1.023662683165532E-02  5.561100954366774E-01 -1.041805262721173E-01
 2.764176683388391E-02  1.323883753117395E-01  3.032476856492540E-01 -3.254327188104509E-01  4.660317859211073E-01 -4.933449341706653E-02
 2.432464814791458E-04  1.447730241322146E-01  4.219041874211947E-01  2.278457170567762E-01  4.030632173287397E-01  4.785838919272910E-01
 2.916567699099544E-02  1.540222075312025E-01  4.580117252821296E-01 -5.572696846596898E-01  5.902201225667761E-03  1.507091104932464E-01
 2.074232068188137E-03  2.279218231991768E-01  2.987373700640890E-04  9.360037734534222E-03  1.772631143428577E-01  1.054016132973184E-01
 2.745889502223872E-04  2.165846545378484E-01  8.397132166375164E-02 -4.325181392676854E-02  1.463609654625187E-02 -1.905557991021012E-02
 8.356480887252389E-02  2.045831590266047E-01  1.351985003707122E-01  6.275108837263554E-02 -1.567763706303477E-01  2.879349730690909E-01
 2.379017044335620E-03  2.087739738160519E-01  1.926584512669867E-01  5.649113212609364E-02 -2.732783116358063E-01  5.150243802892973E-01
 4.499710922292808E-02  1.420778810921753E-01  2.372852293621603E-01  2.354729669249371E-02 -2.510737260836712E-01 -3.249512625531704E-03
 3.419856646304217E-02  1.543753350574535E-01  3.513896830033418E-01  2.766069512760913E-01 -2.719026435255248E-01 -2.177576668171625E-01
 1.345300883118381E-03  1.741449087846249E-01  3.613189032125292E-01 -8.951021930694451E-02  2.651270145449600E-01 -2.835607963322975E-01
 6.976109716264853E-03  2.613372286183710E-01  1.615656458880413E-02 -1.707393552959785E-02 -6.103580174019421E-02  2.699048576814569E-01
 4.545115662729911E-02  2.387718695494309E-01  1.060774972867362E-01  8.020950076701946E-02 -7.104058329574572E-02  2.280676434601230E-01
 5.183974770418949E-05  2.090263798259188E-01  1.443400960740170E-01  1.701506348946924E-02 -9.934548678124555E-02  5.279121070620691E-02
 1.722918776020170E-02  2.286808841061672E-01  2.154375894255451E-01  3.603213582901203E-01 -5.901627613765569E-01  5.058112134660860E-01
 3.620797998692071E-03  1.660492570801606E-01  2.283323587329511E-01  1.209841896058007E-03 -2.202115258781086E-01  4.998629637221421E-01
 5.692156672119952E-02  1.833262704701715E-01  3.344866921841688E-01  2.841794809605123E-01 -2.847106820263050E-01  4.778656787530031E-01
 7.763678445349401E-02  1.332116587576671E-01  4.185810881709348E-01 -3.784787145827471E-01  3.266232244525893E-01 -3.608315491444242E-01
 1.605019281705692E-02  2.359119024785507E-01  4.617910738796882E-02  3.130272895928669E-01 -4.470016577101127E-02 -1.008109150657427E-01
 1.951152636320288E-03  2.362855121307803E-01  1.145548983834072E-01 -1.465561940031654E-02 -4.834619729047299E-01  1.190298097000949E-01
 9.056515237411562E-02  1.978352639967784E-01  1.885785205728418E-01  2.491322167763665E-01 -9.414588491038660E-01 -1.095299296965352E-02
 4.473196316513844E-02  1.676614837671405E-01  2.757880163385087E-01  2.836765149538390E-01 -6.024596774670715E-01  7.999837114311396E-01
 9.189713150425975E-02  1.485927898204234E-01  3.863611419705722E-01  4.580495571062121E-01 -3.075488905217402E-01 -4.013303352927587E-01
 1.064627567640107E-02  1.780537427824785E-01  4.329040755564723E-01 -1.692191262853150E-01 -3.051250755347416E-01  3.774594883348816E-01
 4.750422683936519E-02  2.632881334331807E-01  2.658575763580096E-02  2.127046298902809E-01 -4.387098827232042E-01  2.851862616783739E-01
 1.294788664247414E-01  2.069935987404571E-01  7.866450752357557E-02  1.335461119236042E-01  2.774584457915596E-01  1.984970646445560E-01
 1.441950319263002E-01  1.584624576871189E-01  3.064890732023401E-01  3.149628748043517E-01  1.868938025755858E-01  8.483569068122303E-01
 1.498254139094507E-02  1.862472464013266E-01  3.300783619458525E-01 -9.465551955414257E-02 -8.363444379640672E-01  6.911330554182140E-01
 6.504783505153969E-02  2.450285532411952E-01  7.562213248438684E-02 -2.058519363854671E-02 -7.574730359350612E-01  5.549780020606000E-01
 5.588068205543982E-02  2.085816096228922E-01  1.981594553147949E-01  2.602108283468413E-01 -5.547882715727438E-01  4.380904147478867E-01
 1.958468807237767E-01  1.888473318384719E-01  1.147581482674464E-01  5.172422608285426E-01 -7.764538095150061E-02  1.908692773705727E-01
 1.849671278826310E-01  1.859834076323666E-01  2.453612727627231E-01  6.484436707557256E-01 -5.836126947262433E-01  7.878738810036290E-02
 9.271408656070151E-02  2.179352949999182E-01  6.712777682954969E-02  1.255421550328382E-01  2.309845395114631E-02  2.483628911005781E-01
 9.903460526953498E-02  1.575851783196196E-01  3.145031648816710E-01 -1.564293071582962E-01  6.285087242690643E-02  9.272070315812497E-02
 2.078922936840503E-01  1.489313549296007E-01  3.440881010064232E-01 -6.412171723320514E-01 -3.622075512278067E-01  1.051805940336956E+00
 4.907853247321008E-02  1.621031094060505E-01  4.243140757768229E-01 -8.075606889609301E-01  1.994793252087498E-02  3.146582715218514E-01
 8.054872639515552E-02  1.385584480216819E-01  4.590342948066743E-01  1.956437648680674E-01 -3.621514595940384E-01  9.503411382124912E-01
 4.900773507204600E-02  3.466148583019483E-08  4.308966464356155E-08 -2.591781487201657E-04  7.783635172830681E-04  1.452491786070078E-03
 4.213897036727068E-02  1.272817249586603E-07  4.024728249668286E-02 -8.868096594408211E-04  4.140030142413566E-03 -4.360716503515795E-03
 4.551521678391327E-02  1.458057300571754E-07  8.733721356151375E-02  1.158591198508104E-02  4.801015914451897E-03 -6.430836655258815E-03
 4.402547475539539E-02  2.280918779424601E-07  1.270339954526784E-01 -2.338862699076403E-02 -3.558732843574833E-03  2.173760124697527E-02
 4.393511055341622E-02  1.201626601194289E-07  1.695589133290739E-01  6.325963867597765E-03  3.865856009252494E-03  8.582963534714964E-03
 4.197284809992242E-02  5.562118416387730E-07  2.078831932599035E-01 -7.172752842609536E-03 -1.076499603379992E-03  6.348204611383700E-03
 4.139284909517445E-02  1.046906402907031E-06  2.561065341071567E-01  2.642937572565855E-02  2.387921651200452E-02 -1.057661284826570E-02
 4.065974299411203E-02  1.993776876039199E-05  3.015535270921046E-01  1.610513006586541E-01  3.226531959224588E-02  3.817165033920246E-02
 4.174419489003595E-02  1.404824915132455E-07  3.409819330399219E-01  1.813307167500831E-02  4.607988115184699E-03 -4.344800325290252E-03
 4.399217636021641E-02  8.654507862258105E-07  3.838500990148102E-01  4.642769768982223E-02 -2.036043838567764E-02  1.114369524636548E-01
 4.516406247615892E-02  2.799488857723678E-04  4.244043890562879E-01 -1.842664351626410E-01  6.530143297700750E-02 -2.762231884958422E-01
 5.592084400212168E-02  4.224001040349868E-07  4.669210280989925E-01 -2.863620929475977E-02  1.864491135479940E-02  2.977349601967492E-02
 4.647325335007994E-02  3.942412913404197E-02  9.040038725036529E-06  9.022230068709823E-03  3.886065404255236E-02  2.422993915755297E-02
 3.250596860272471E-02  3.112670592160223E-02  6.516747838847160E-02 -1.461842647513792E-01 -2.473358292863465E-02 -1.383248725695858E-01
 3.636695499694784E-02  3.506793718600965E-02  1.107545722825717E-01  8.513122318683140E-02 -9.001551347202975E-03 -7.288483310427162E-02
 7.187675497098120E-02  3.660291831022969E-02  1.364122252454172E-01 -1.317620513337305E-01 -1.630748288140933E-01  7.060692496815206E-02
 3.257311770541481E-02  4.040190607799733E-02  2.062835666245900E-01  1.206807404994619E-01  1.308192647435566E-01  1.047814315189052E-01
 5.956776573906413E-02  2.823497536989306E-02  2.349544918036194E-01  3.025688130761513E-01 -3.370840782685490E-01 -4.235003751504808E-01
 6.686691985535510E-02  2.495158641588401E-02  2.863757025236082E-01  3.845198470140760E-03 -8.883098996057472E-02  1.884615032478088E-01
 9.236453297319974E-02  3.718072426509306E-02  3.696507077978048E-01 -6.249708861244773E-02  3.410790794337475E-01  3.474399030574703E-01
 8.052692798118857E-02  1.073419338584003E-04  4.115841850846522E-01  1.862465581027303E-01 -1.365555559783379E-02  3.306881280796230E-01
 4.093534030909286E-02  8.524879502070586E-02  3.257758985915124E-07 -8.633327534964133E-03 -2.115914401500540E-02 -5.008116215135781E-03
 3.261182036032058E-02  6.167017809887027E-02  3.221934410059427E-02 -5.306517509910182E-02  1.318554552797016E-02  1.327969227525832E-02
 7.259069378539273E-02  7.144887518490117E-02  5.978956582881083E-02  1.534531511435617E-01 -1.761815062759540E-01 -8.682936751604475E-03
 3.780980398461514E-02  3.757159261999563E-02  1.591477944686916E-01  4.548399834191794E-02 -7.039690290921455E-02 -2.431839166783703E-02
 6.890642202201942E-02  6.503152443862129E-02  1.740233302438315E-01 -1.948772592994190E-01 -4.593793408107012E-02 -1.257510992030735E-02
 3.860470783994161E-02  7.004183697671951E-02  2.538815211795433E-01  1.231342396653015E-02  3.305082548236919E-01 -5.194080167381401E-02
 4.333786032707621E-02  6.228892118734349E-02  2.950768764745725E-01 -1.414396033972721E-01  4.168302049769575E-02  2.946825267786318E-02
 6.337551807418980E-02  3.325545511618216E-02  3.287888052178573E-01 -9.586976224030577E-02  3.537484393004048E-01  1.425310192919276E-01
 3.372183380900291E-02  3.314109783261556E-02  3.668799103869737E-01  3.420917227102691E-01  1.587056927141014E-02 -4.381810556056821E-01
 3.939236698568274E-02  1.268792252677415E-01  5.485376976217156E-04 -2.424604278800594E-02  9.644210223572162E-02 -1.723435137484449E-02
 6.266404368647291E-02  1.016523877558240E-01  2.813086900492328E-02 -6.918225795473598E-02 -3.333709007469746E-02  1.029345463431090E-01
 4.377793234533269E-02  7.206618739745542E-02  9.077383789393036E-02 -3.023286915530000E-01  7.610427773577651E-02 -5.730461260559782E-01
 4.363317594020732E-02  7.211541674638877E-02  1.363220994332471E-01  9.125641139517068E-02 -2.801667374080671E-01 -4.858118954435161E-02
 3.734950634829182E-02  8.124137281882114E-02  1.940495139406433E-01  4.269151945672787E-02  1.874683164035032E-01 -2.819218096377568E-01
 7.943008993149221E-02  7.455879476054815E-02  3.041549897194429E-01  1.644486310817576E-01 -4.154249755515752E-01  1.044416840406220E-01
 4.025131644971931E-02  6.299927178735927E-02  3.389481451381172E-01  4.916375825811430E-01  2.641699526397966E-01 -1.742483086261994E-01
 4.259760363637094E-02  2.442960234438092E-02  4.990565448895497E-01 -8.389054336111975E-01 -6.438074449294792E-01  2.762648249296614E-01
 1.181886130455931E-01  2.390516145622311E-02  4.925192836305569E-01  1.325717945807551E+00 -4.549824207516491E-01  6.384112296630876E-01
 3.970216818946228E-02  1.337866729325735E-01  4.685044705742006E-02  8.429415469847251E-02 -1.716766131165874E-01 -1.145519140615164E-01
 3.580823969725846E-02  1.003385677412792E-01  6.446856068581934E-02 -9.854906417281333E-03 -1.241510024109330E-01  3.152105982521204E-01
 3.341057401143838E-02  1.063153188597268E-01  1.129639487488579E-01  3.699571988782976E-02 -1.265377395403663E-01 -1.519699275608421E-01
 3.689559711246875E-02  1.050563645563955E-01  1.606476096998271E-01  1.675620576573003E-01  1.872118707798669E-01  2.174264195343554E-01
 4.105954132774694E-02  1.051725910248866E-01  2.331256631267151E-01  2.418397671511283E-01  1.376162885871844E-01 -1.553140552781804E-02
 5.015823283320740E-02  1.032483040217744E-01  2.815673933693358E-01  2.452883302653375E-01  7.999803421037377E-02 -3.927381305939130E-02
 4.767673176516973E-02  7.210227974836446E-02  3.883560407859140E-01  1.882376760932815E-01 -1.941096163729578E-01  5.317111103005937E-01
 4.399496931031063E-02  6.369197540288608E-02  4.357800888790341E-01 -3.435842961617629E-01  2.073416414249510E-01  8.739137008929567E-01
 4.085640748087732E-02  1.683341282547848E-01  2.426390266065579E-02  2.196333900450279E-01  1.020988907949299E-01  1.866053230361301E-01
 5.142222500290056E-02  1.373846451398716E-01  9.074601892586687E-02 -4.511931816376287E-02  2.083670863232434E-02  3.918466723654115E-01
 4.264412964717743E-02  1.458598008436259E-01  1.601023317871239E-01  2.153599074267493E-01 -5.497864138186101E-02 -1.284627849610852E-01
 7.404388176959260E-02  1.363288754709444E-01  2.703604023017299E-01  3.319546530330107E-01  2.171474160276747E-01 -1.878478378157493E-01
 7.202938343623654E-02  1.053114744534041E-01  3.469836519687746E-01 -4.460654395926250E-01 -5.241489324754905E-01  2.389216725825017E-01
 3.886390660936718E-02  9.968969963888344E-02  3.249869372236146E-01  1.423133570904868E-01 -7.784652553687519E-03 -2.142858702423606E-02
 5.571629503036969E-02  3.594042076992826E-02  4.614321958560981E-01  2.054055773853300E-01  3.991485080153766E-01  1.973075949915420E-01
 4.323311685458017E-02  1.967435210316923E-01  5.416471592635863E-04  1.981298358219156E-01  1.222750993457878E-01 -7.203227498387063E-02
 8.749863942971983E-02  1.697583906145825E-01  1.061076278043215E-01  4.926572110401910E-02 -9.789556400573091E-02 -6.819503296216449E-02
 1.172528659833918E-01  1.575840166323264E-01  1.922237752314728E-01  5.798665660944206E-02 -1.727734903341383E-01  2.671974898031405E-01
 4.167231170774657E-02  1.363317353838974E-01  1.970921989025951E-01  5.170834221245502E-02 -3.108464030815924E-01 -1.001460169385750E-01
 1.319464883457916E-01  1.329741555518068E-01  3.719620173901749E-01  8.442524691489802E-01 -2.171108987694730E-01  4.791641923674256E-01
 3.639187952740468E-02  1.064584361547703E-01  3.673683351601067E-01 -2.307426373049369E-01 -7.433180927638473E-01  6.311185330211329E-01
 7.753704247466872E-02  2.012904233358805E-01  1.871537193230365E-02  1.164653035350109E-01 -1.790955879674404E-01  2.461776616468766E-01
 3.492507792785841E-02  1.729262870391644E-01  6.829457317720002E-02  3.063414758235370E-01 -3.740539001105995E-01  1.072556301423270E-01
 3.788936797008885E-02  1.656519089701318E-01  1.147600580045752E-01 -2.190267032838256E-01 -4.029029460847734E-01 -1.287015317857757E-01
 8.704949572174803E-02  1.331281752174877E-01  1.758408710715460E-01 -2.251438563771152E-01 -1.392077399237402E-01 -1.222006631437403E-01
 1.107802842794519E-01  1.258923723089455E-01  2.194227489694282E-01  7.590804899380679E-02 -1.537395024254388E-01  2.864263367082476E-01
 5.378404805594300E-02  2.044688770411696E-01  6.068072123187668E-02  3.263779373210258E-01 -1.686674186319103E-01  1.071728814887942E-01
 8.205910922391284E-02  1.764006518516719E-01  6.453424826434127E-02 -4.002158544912840E-02 -7.888554904677167E-01  2.643359312096470E-01
 6.279050555864957E-02  1.806720085898539E-01  1.651508772273228E-01  1.528332024283431E-01  5.033877746798990E-02  1.008710738048681E-01
 7.853527743612544E-02  1.653248022798271E-01  2.093048263839721E-01  1.866089066309115E-02 -2.405460317250585E-03  5.185859122323283E-01
 7.194905945409065E-02  1.220408587576064E-01  3.057452051354067E-01  4.001264220297678E-01 -1.680966342719055E-01 -2.594921602030171E-01
 5.595809963005243E-02  1.062297464893242E-01  4.611088660119557E-01 -1.265692117856062E-01 -1.051664497351147E-01 -5.962726757537794E-01
 1.062207514525003E-01  2.318644361773947E-01  2.024992197748673E-02 -1.001939219108752E-01 -4.287110589672953E-01  5.349598658004628E-02
 5.823197456252628E-02  2.015671629262425E-01  1.073381092566259E-01  1.169871190885401E-01 -5.624439167347123E-01  8.413402660422714E-02
 2.578811623984784E-01  1.802921015046433E-01  2.615129684005276E-01  1.096136052975756E-01 -3.194105391324909E-01 -6.157826761380523E-02
 6.846340296914119E-02  1.962831197340456E-01  2.738022668939286E-01  1.424367332365690E-02 -4.119607772317054E-01  6.790916366389208E-01
 8.985633383068133E-02  1.702568675601438E-01  2.549811955371520E-01  6.102389062897867E-02 -1.223821283109974E-01  1.961380875201082E-01
 3.259613491070824E-02  1.459971619289950E-01  3.925945971724190E-01 -9.814141338695256E-02 -2.291331795860633E-01  3.600992265995014E-01
 6.641593515516546E-02  2.401794627607627E-01  7.375234826381642E-03  2.361120463507952E-01  1.226826823156635E-01  6.101798678400769E-02
 2.286367357707675E-01  1.763016693237202E-01  3.897942910114033E-02  3.454342418117625E-01 -4.283421464896228E-01 -9.362175007327644E-02
 2.830771814435269E-01  1.790156997755189E-01  2.825823544457030E-01  9.678323661081257E-01  1.784903416916541E-01  4.017407490333199E-01
 1.183009382534004E-01  1.963437388505508E-01  4.153843688395962E-01  4.505849062705303E-01 -5.290220255712032E-02  6.227211008661245E-01
 1.485463762764203E-01  1.050040492510807E-01  4.658892650809746E-01  1.936108442865499E-01 -7.534719429971353E-01  2.480758478425973E-02
 2.166675058190824E-01  1.750576935363047E-01  7.888740450074044E-02  6.643132883571029E-01 -5.415866699469792E-01 -4.479240360289562E-02
 1.128042603100542E-01  1.840728963326416E-01  2.261070851767757E-01 -2.192679308847617E-01 -1.900657229451401E-01  4.688868060235348E-01
 4.523500844673597E-01  9.607981692858550E-02  3.655412721443280E-01  6.159009974046251E-01  3.749364473796595E-01  1.634439164160314E+00
 9.993269558202281E-02  6.315538645325189E-02  4.674570155829209E-01  2.016254235654907E-02 -5.301010340448811E-01 -5.958690307369825E-01
 1.336863330180607E-01  1.755040204116479E-01  4.956980761267006E-01 -1.127545932190555E-01 -1.261169750899991E+00  8.289209082926814E-01
 2.682250901540640E-01  1.018004971267912E-01  4.663784352411935E-01 -2.113166031228287E-02 -3.654391098825644E-01  3.874998026326024E-01
 8.929449827726887E-02  3.085655205426983E-07  7.653311402640221E-08 -7.795841080022946E-03  7.185080204205591E-03 -8.833592960712358E-04
 8.148480697785808E-02  1.275335791122266E-07  4.258926894974436E-02  5.515571233618199E-03  4.169449554213568E-03  7.630019612327402E-03
 8.570941711798373E-02  9.321055969458489E-08  8.441797141277113E-02  8.682464652654945E-03  2.195341740623391E-03 -6.197652844190996E-03
 8.526729463944689E-02  1.274989581060309E-07  1.287151554592191E-01  1.477689706048932E-02 -7.760728115186875E-03 -6.918384273528554E-03
 8.786253019144581E-02  1.596053419884071E-07  1.686830088169377E-01  1.165219726765606E-02 -2.510081913590076E-03  1.355344730507758E-02
 8.710058693668786E-02  2.639819515588069E-07  2.160767705409721E-01 -7.694270610869804E-03  8.542906979070413E-03 -3.359335914986390E-02
 8.462314704477379E-02  3.661359303292842E-07  2.546918317663427E-01  3.799934099808561E-02 -5.853844361188922E-03  9.104881481088671E-02
 8.125874080230197E-02  8.676797744808096E-06  3.124900850073909E-01 -7.116325792902101E-02  1.142145111969893E-02  2.651292079834874E-02
 7.743625336909672E-02  1.944398798607393E-05  3.618321367738996E-01  1.258360551786984E-01  2.754443620903280E-02 -4.784100386720776E-02
 9.550279567040347E-02  9.077796625750581E-04  4.577173737338712E-01  2.286369732581047E-01 -4.261837151489934E-02  8.572282841250281E-02
 1.452422769705726E-01  3.403821183521930E-06  4.552022596247449E-01 -4.785547554012576E-02  2.945600675505297E-01  5.822166090735671E-01
 8.622570021169934E-02  4.006731828366013E-02  9.725425679548496E-08  5.165965747154236E-03  3.449072051695364E-03  3.179004648628385E-03
 1.120836556859830E-01  3.433508546695086E-02  3.601057130867061E-02  8.111106765716519E-02  1.137120669809627E-01 -6.793785377903289E-02
 1.077054417127760E-01  3.142311944073062E-02  1.096916000020017E-01  1.369150235253763E-05 -6.358494391144354E-02  1.043319013278273E-01
 1.070752649594945E-01  3.321210730379392E-02  1.576333005888365E-01  6.552507729035069E-02  1.789362344803272E-02  1.656906100081905E-01
 1.133672617575597E-01  3.501812104323240E-02  1.973088726387595E-01  4.153725751033221E-02  1.622864896817042E-01  1.102450551968886E-01
 1.039860570862326E-01  3.499053284867502E-02  2.372526431553839E-01 -3.156713336248799E-02 -3.018389172738106E-01 -1.355147292095877E-01
 1.100882702952334E-01  3.355271458656465E-02  2.801650225679799E-01  2.659064541866962E-01 -7.598062475018420E-02  1.402990198755886E-01
 1.155929299405222E-01  3.042497255528603E-02  4.495491993047960E-01  9.372484612233546E-01 -9.682593643144171E-01 -3.812750213731492E-01
 8.282573703743973E-02  7.969729373297225E-02  3.395377934696838E-04  3.342147610510229E-02 -1.390892854334629E-01  4.647489461085792E-02
 6.663511557059615E-02  3.657183501136155E-02  3.811529537981691E-02 -9.169787261679425E-02 -7.740566485325534E-02  4.832821183158188E-02
 7.220594874070710E-02  3.803096976712143E-02  8.441174810492723E-02 -1.157472239045492E-02 -2.584607012389801E-02  2.957109431552029E-02
 8.934138622433876E-02  6.928976610466209E-02  1.125657339246716E-01 -2.258778907859637E-01 -2.062178787672386E-01  2.078077757106035E-01
 1.035393836108608E-01  8.425266752992480E-02  1.596427578700771E-01 -1.330082994090678E-01 -7.623279587468460E-03  2.750471307798130E-01
 7.211462554238224E-02  3.078607519359230E-02  1.915917997765174E-01  3.782669130409456E-02 -8.462540822781134E-02  8.947593817657876E-02
 7.895525089383053E-02  5.783476839081725E-02  2.602398933784785E-01 -3.228617260335029E-01 -1.285096823490019E-01  1.656221843938875E-01
 8.980954610165143E-02  7.043161870265748E-02  3.389033114095405E-01 -4.393997344892362E-03 -8.175788016000635E-02 -2.197789449174734E-01
 6.841606399375107E-02  3.557304153394557E-02  4.076087840057303E-01 -3.398657862725821E-01 -1.020423508264210E-01  2.624394860927463E-01
 1.088555559768838E-01  1.131165278579648E-01  2.187002570126396E-02 -6.319182027278410E-04 -7.781985287705345E-04  2.787905002995467E-03
 1.088864764959148E-01  7.721259832314505E-02  3.972650109661006E-02  2.758046994283772E-01  1.501061523483031E-02  1.840165084535988E-01
 1.196499375540896E-01  9.431255762374494E-02  7.803897750303143E-02  2.033997194823554E-01 -1.974072287481706E-01  1.430831148922755E-02
 7.295454064220515E-02  9.851009311930881E-02  1.398050018339020E-01  7.206732123558407E-02 -3.218413936406717E-01 -2.493958987295306E-01
 1.015979795635613E-01  8.126404009557964E-02  2.022682260321217E-01 -1.253092131891013E-02  1.794348377195650E-01 -2.045750558657324E-01
 6.825860626276299E-02  6.826581572982644E-02  2.184875403719477E-01 -3.816899542784719E-01  1.600143149410613E-01  1.958684804141006E-01
 1.612678748929285E-01  9.199759107018703E-02  3.322060425571782E-01  3.478511794895358E-01  2.301145613415326E-01  1.573895893898478E-01
 1.366628160193556E-01  3.074101091458143E-02  3.872089558785139E-01 -1.150850922771608E-01  2.579164256217665E-01  2.875263414632599E-01
 7.606050293093078E-02  1.334580475949982E-01  7.826787391285941E-04  1.435839951217603E-01  6.304670016742228E-02  9.425718425074256E-02
 8.951977977690369E-02  1.167967433489568E-01  5.828851492130747E-02  1.396062151274514E-01 -2.882281755954968E-01  1.260281560394468E-01
 7.548637089389562E-02  9.974062618214773E-02  9.217220749286983E-02 -5.069727795733172E-02  1.660801934334732E-02  1.176873504405161E-01
 1.138778874810932E-01  1.312827610054002E-01  1.442749962256295E-01  4.423590985537845E-01 -4.008525881188456E-01  8.242902375622144E-02
 7.405851227493954E-02  1.082394822478134E-01  2.072815419109356E-01 -6.932623100446395E-02  5.429454627454577E-01  4.374305070594928E-02
 9.756321547618355E-02  9.281061775331749E-02  2.632378616008764E-01 -1.660056398404702E-01  1.657239928734696E-01 -3.367545609744512E-01
 1.162241336933654E-01  1.016623279818316E-01  3.576106280972093E-01  6.917868995404440E-01  2.768400651399164E-01  4.811603992001492E-01
 1.001269332565330E-01  6.932533339297324E-02  3.861330962475434E-01  3.984113459093500E-01  2.688503758612182E-02 -2.164316644256273E-01
 9.868278581204043E-02  1.728896074705824E-01  1.403409037213353E-04 -3.106857858174450E-02 -1.142656983735823E-02  3.553923676548633E-02
 1.199482079064318E-01  1.427187251418893E-01  6.231478543459779E-02 -1.007785688138844E-01 -1.221715047718097E-01  2.627575797264847E-01
 6.661157895041747E-02  1.389778006587200E-01  1.261336231564406E-01  5.378994464542706E-01 -1.912071407599596E-01 -2.445172498671428E-01
 1.270786046228919E-01  1.227359417284727E-01  2.677603940504119E-01  5.582143039016564E-01 -6.940762852660790E-01  2.732386734076327E-01
 1.151144221680768E-01  9.489836623384733E-02  2.978801913985003E-01 -2.893320943532416E-01 -1.773860672169416E-01 -7.422422878253235E-02
 1.633273592372384E-01  1.140384037425759E-01  3.657091314465744E-01  4.057456217374845E-03 -3.655511934933141E-01  7.195746740950824E-02
 8.626258055933528E-02  9.784115269715249E-02  4.400948300924022E-01 -1.365299209624030E-01 -6.458106031670322E-01  1.360738077895926E-01
 9.026426310276876E-02  6.376422757636840E-02  4.250977738312692E-01 -3.830315950047744E-01 -4.705029820387847E-01 -7.849988316534282E-01
 1.333676632684147E-01  2.146807585644938E-01  2.790190019599204E-03  1.494622660535256E-02  1.078682850920503E-01  1.075331161288623E-01
 1.446801804690324E-01  1.698554052056844E-01  8.232373398994644E-02 -1.810547301633900E-02 -4.864268339571741E-02  2.986204249854237E-02
 1.214719286457198E-01  2.021717296934985E-01  1.208924187298969E-01  1.349409346423253E-01  1.092457260026431E-01  3.582492858706692E-01
 1.441577401475712E-01  1.739176279489355E-01  1.285911496861334E-01  3.147419190308809E-01  3.031142562807892E-01  2.821577545623796E-01
 1.674039657489148E-01  1.328549454804273E-01  2.454397131412123E-01 -2.461824891047067E-03  7.720753539448186E-02  2.595738604650930E-01
 8.801037645467252E-02  1.100045188587366E-01  3.854229533248111E-01 -4.412879814182831E-01 -2.259008725549591E-01  5.659560369367730E-01
 4.112405640112596E-02  9.895631139447204E-02  4.115002447187165E-01 -2.291714968372801E-01 -7.345753936993437E-01  9.880397705643287E-01
 2.345133021379018E-01  2.140367073185860E-01  2.338700948981396E-02  4.149549278634422E-01 -1.256358098852797E-01  5.978010846505756E-01
 8.061172971823161E-02  1.528387797323583E-01  3.576044854186051E-02  6.075262112458515E-02 -1.118348708171503E-02 -1.386153827416641E-02
 2.653820312795551E-01  1.290176769609543E-01  1.921258394849190E-01  5.099759608858888E-01 -1.283750229870607E-01  2.168710704033208E-01
 1.982213096304612E-01  1.438699946354421E-01  2.761859082806898E-01  6.811960672720395E-02 -1.400463375620430E-01  7.595710487670398E-02
 1.774737775609171E-01  1.515146356368670E-01  3.987162783111534E-01  8.056686294509360E-01 -6.746800651090835E-01  8.062190497079716E-01
 1.295205142307225E-01  1.327299690351411E-01  4.436565918972015E-01  1.004231448518281E+00  6.859405183208197E-01  1.225431135987102E-01
 1.237600402587416E-01  1.727546700544354E-01  2.901726363331905E-02  1.595040141355467E-01 -2.447244239755898E-01 -4.718156081531204E-02
 3.067608090011722E-01  1.656492745054541E-01  2.133073522962738E-01  2.441023604217995E-01 -1.298767180659388E-01  2.053964771574906E-01
 1.362419258607123E-01  1.584925643130296E-01  2.403044104019474E-01  3.982771753181330E-01 -3.885348072995063E-01  4.629487587476859E-01
 2.187005254366841E-01  1.834991657758946E-01  2.295020673737607E-01  5.539533259939459E-01 -1.651489410663421E-01  5.378734116346604E-01
 1.179071583555073E-01  1.302622138376217E-01  3.268222826634852E-01  3.365476301911865E-01 -2.239638654774057E-01  4.286969974297251E-01
 1.279665298667905E-01  9.638658727054655E-02  4.147864698803976E-01  5.002468521926761E-01  1.070194659373238E-01  7.750306316454405E-01
 1.391547228459503E-01  6.441482084740337E-02  4.791316779784994E-01  1.632582405940313E-01 -1.132860289539112E+00  4.443370776870152E-01
 1.870111371056901E-01  2.059911804413356E-01  2.768562044366813E-02  3.764468364337968E-01 -1.509952997342938E-01  2.192198894249343E-01
 1.641362394357361E-01  1.930752850449945E-01  1.655082651051566E-01  1.508332863606238E-01 -2.727647124201144E-01  4.642659610874381E-01
 9.917858209660563E-02  1.679566079070296E-01  1.578758497780746E-01 -8.107350113128339E-03  5.105719071227489E-01  4.740906384561085E-01
 1.566978723215820E-01  1.243084274906194E-01  2.925218033606639E-01  2.789350225737247E-01 -1.496719431274487E-01  5.970612331162750E-01
 1.371785606016017E-01  1.809042986100017E-01  3.900625049876040E-01 -1.322504978161545E-01 -2.589831795498305E-01  1.141430741867097E+00
 2.762392427298656E-01  1.393435500093122E-01  4.509815298965550E-01  6.308103086484825E-03  3.418032293325290E-01  5.514090654748179E-02
 1.828455452922808E-01  6.599063013783957E-02  4.674780025536702E-01  1.310890585513058E+00  1.853024641296176E-01 -7.463915409127441E-01
 1.661670289204324E-01  2.044981730543096E-01  6.273682995346822E-02  6.630474399034026E-01 -6.147642726793804E-01  1.567616784508644E-01
 3.046030184957457E-01  1.178277282544935E-01  1.837252029984917E-01  8.866206687058995E-02  9.852315044026051E-02  6.852863866793270E-01
 1.693369013629427E-01  1.728199210985601E-01  2.826521752641445E-01  1.260192317738950E-01 -2.529098242883981E-01  3.869612312713775E-01
 2.092396040299287E-01  1.372246260263117E-01  3.947284932143612E-01  8.672930412795798E-02  1.594099129636012E-02  5.912947362897053E-01
 3.444186574234655E-01  9.674180911153803E-02  3.348617312871860E-01  1.749578870114421E-01 -4.471691107611077E-01  5.681189201789155E-01
 2.265819449221010E-01  1.104274803046317E-01  4.516706753711484E-01 -6.598770969666065E-03  4.384813304325538E-01  3.288500159032484E-01
 3.553736745494821E-01  1.804705550256042E-01  1.331685019635789E-01  7.063766639684489E-01 -6.637144538427212E-02  2.897273028813894E-01
 4.245653467324041E-01  1.349907403698775E-01  3.587267797275900E-01  1.663694505429276E-01 -3.739538842370009E-02  4.649702986753494E-01
 3.958845558809262E-01  1.160535606093720E-01  4.014528844946119E-01 -6.986363864711995E-02 -2.170102539200798E-01 -4.823840041549428E-01
 3.327307012619928E-01  1.791203118655330E-01  4.054267425771378E-01 -2.362528778936711E-01 -1.331468793203859E-01  5.936879364175892E-01
 2.140041503815976E-01  1.437703265557901E-01  4.683403297801573E-01  2.803528388594697E-01 -2.703642212043669E-02  1.084457676697633E+00
 1.281146348657361E-01  1.510253688230292E-07  6.597033465776700E-08 -5.615800532199272E-04  3.740994921590123E-03 -7.734106130378835E-04
 1.244308503517496E-01  3.145295353944289E-07  4.362168540709408E-02  1.040167014127804E-02  1.039944748878303E-02  7.429931271815593E-03
 1.273904683489470E-01  8.615925666560021E-08  8.621798687864690E-02 -1.020575954666689E-02  2.882090018093798E-03  3.052561279701613E-03
 1.278802745625797E-01  1.382471450909666E-07  1.278170118151719E-01  1.866686633498199E-02  4.538195761193064E-03  2.541909604308235E-03
 1.312178820672165E-01  4.909735311749588E-08  1.683653025529267E-01 -1.676210270394941E-02  3.004660658340477E-03  3.535453265768469E-03
 1.260360536231253E-01  2.929154018864493E-07  2.126707191304567E-01  1.223108870129985E-02  9.569828155366486E-03  6.341961508598209E-06
 1.242875431080961E-01  9.732075475709708E-08  2.570740929015869E-01  1.245121393640545E-02  3.260811091760421E-03  6.882697305914708E-03
 1.233590074123333E-01  4.992210978745511E-07  3.026056616591876E-01 -1.244787732537598E-02  3.131763056195161E-03 -2.906594126870899E-02
 1.279704681925024E-01  1.279510074023316E-05  3.417163474001350E-01 -9.992384145081681E-02  2.119299792384956E-02  3.048542870842837E-01
 1.147215511043933E-01  1.882927749936448E-07  3.807993122263571E-01 -3.307731950670999E-02  6.102235207865205E-03 -6.316810063842370E-03
 1.391522768758001E-01  2.890379893710201E-03  4.163713940624875E-01 -1.580823641580786E-01 -7.512382550539576E-02 -1.902538714961789E-01
 1.340924687256198E-01  4.032862398174573E-02  8.341133671643691E-08  4.432173978591440E-03 -4.088242330641756E-03  2.784545835779850E-03
 1.471973397906008E-01  2.813213139583314E-02  6.524696177425855E-02  9.647404825805102E-02  4.078980821886429E-02 -4.482627450346570E-02
 1.505789159952903E-01  3.143409240628385E-02  1.078860020886171E-01  2.013678561875906E-01  2.364761855389672E-01  5.213075851501130E-02
 1.514089135356288E-01  3.307840336154196E-02  1.486465232854090E-01  2.562685659502730E-01 -2.399781910590643E-01 -1.303746980091729E-01
 1.556748071771696E-01  2.904740668534712E-02  1.930303510268042E-01  1.464939006059878E-01  1.871721657014889E-01 -4.840530539573470E-02
 1.439501745693670E-01  2.993098633876844E-02  2.366481505880483E-01  1.052519343585833E-01 -1.071885004780507E-01 -4.563259889202497E-01
 1.500842021036129E-01  2.852896941980603E-02  2.889557916965835E-01  5.670112901842719E-02  8.289647370111104E-02 -3.838399619524802E-02
 1.495585735853960E-01  3.435181279927780E-02  3.371577469890285E-01  8.440200722156639E-02  2.813630224033734E-01 -1.997188696250975E-01
 1.227928642600349E-01  7.760955624721175E-02  1.101949809472768E-07  5.574609181723852E-03  1.778370864498743E-03  2.458786649940065E-03
 1.595653770197658E-01  4.809195572577515E-02  3.104010770777370E-02  3.073753126092980E-01  5.745025167492609E-02  6.851588067430121E-02
 1.079909000859178E-01  5.157502636189391E-02  7.309725973493374E-02  3.117990772603159E-01 -5.642656184374262E-02  7.108376629290980E-03
 1.254861894741679E-01  6.340904618847702E-02  1.302199563104267E-01  3.746044824574548E-01 -4.346659984170918E-02 -4.215110411140782E-02
 1.359233319961921E-01  6.374253343000015E-02  1.728296951670212E-01 -5.900649677784312E-03 -3.435107774769381E-01  4.508276967301111E-02
 1.421262487010320E-01  6.678256674715481E-02  2.171977589895051E-01  7.668293009292851E-02  1.820223266976802E-01 -2.655489489735271E-01
 1.296987337926065E-01  6.165971764939113E-02  3.111207153508391E-01  1.437723396496217E-01  3.610948019309339E-01  1.861854621459372E-01
 1.061128223163121E-01  3.082313714922649E-02  3.274369975404824E-01  1.395628460879957E-01  6.128738573767148E-02  1.110063016060549E-01
 1.504172505152621E-01  1.104289483508388E-01  1.224747594421466E-04  7.086157863438103E-03  2.116831325812854E-02 -2.083946370420019E-01
 1.818268665382044E-01  9.098810764313385E-02  3.809464411315389E-02  1.455368122148462E-01 -2.847898855016173E-01 -1.175394511912597E-01
 1.484058207863850E-01  7.257369565100696E-02  6.442271098847571E-02  2.435917425013876E-01 -8.782060135779780E-02  2.111815109972044E-01
 1.165524245274838E-01  1.018359195948649E-01  1.186932970852801E-01  1.558042748311182E-01  5.515539687541971E-02  1.666900527129070E-01
 1.239279374133947E-01  1.141173047262233E-01  1.845308556539937E-01  2.223227354745360E-01  1.633463349093519E-01  2.336824495012898E-01
 1.599109558922570E-01  8.398722073438408E-02  2.888727277870488E-01  1.572970606792923E-01 -2.842553264237324E-01  2.129675779201592E-01
 2.131461915419056E-01  7.617353075375004E-02  3.420284330198151E-01  1.652955584410045E-01 -2.570875982531540E-01  4.121534814768810E-01
 1.764261218973222E-01  5.556258258371566E-02  3.088261829994385E-01 -4.499338725856045E-02  3.244944908866789E-01  5.221533851780300E-02
 1.780100692902825E-01  5.470372753955544E-02  3.598088090697574E-01  4.230249352335193E-01 -1.562254045022365E-01 -5.327845019648225E-01
 1.277069042943120E-01  1.437932659233038E-01  1.683390817426478E-04 -9.395946877483403E-02 -9.673277860964226E-03  1.745819942853966E-02
 1.452029326865027E-01  1.051598173441853E-01  4.184055506823947E-02  1.648478703030901E-01 -1.643624683416134E-01 -7.163668586183707E-02
 1.034771512745819E-01  1.377136258480668E-01  1.011676300729638E-01  1.306735971454061E-01  2.531951123330581E-01 -3.318902951881584E-01
 1.559521141172919E-01  1.398336180914369E-01  1.409748973066046E-01  5.560484893025321E-02  3.311940213498871E-01  1.230415902181079E-01
 1.348029926615336E-01  9.896593212003417E-02  2.372979989403953E-01  6.367575952089234E-02  2.015034976658380E-01  2.703160117971576E-01
 1.275902145336300E-01  6.333154269675037E-02  2.631048589313683E-01  2.024053384200638E-01  1.748011947214279E-01 -5.348785065313005E-02
 2.190709880656213E-01  1.018635404620093E-01  3.749565286268497E-01  5.169754895888616E-01 -5.521125991415985E-01  2.987439255402854E-01
 2.140043363216729E-01  9.711074191472893E-02  4.109380450161234E-01  3.282939311751638E-01 -6.025548071363056E-01  8.671060326066884E-01
 1.510460450624881E-01  1.787023743827247E-01  2.581349127847979E-04  9.868309427309700E-02  1.223692636064900E-01  2.011374220647874E-02
 1.779679096019462E-01  1.351671498049770E-01  4.983247134237061E-02  4.001837591680383E-01 -2.686646389849041E-01  3.493060590691320E-01
 1.841512111997538E-01  1.140725857120489E-01  8.704307660893068E-02  1.759085617570654E-01 -1.672853939566388E-01  8.816890474360822E-02
 1.771928217404339E-01  1.589432339844143E-01  1.702897410226797E-01  3.310979504172804E-02 -2.440249557969743E-01  2.670557999643965E-01
 1.495732494883306E-01  1.398019972581654E-01  2.062564563900151E-01 -2.203576087017610E-01 -2.028694981070747E-01  4.623126937662980E-02
 1.950928980511376E-01  1.064231456694117E-01  3.261232192239165E-01 -1.441224801986986E-01  6.484720534088673E-02  6.865162054409411E-01
 1.364360890933386E-01  6.279684013757529E-02  3.604108419642410E-01 -1.604533493029937E-01 -9.479607178874974E-02  2.780981980256458E-01
 3.427989379015882E-01  7.458048922054362E-02  3.753938997070379E-01 -2.916471728883993E-01  1.902934036150952E-01  1.672123449013765E-01
 1.577716056367357E-01  3.251307769010767E-02  4.926559744334712E-01  1.064849834783859E+00  3.041615629203393E-02  4.657191598259047E-01
 1.984315851550846E-01  1.794082475360535E-01  2.603842627406638E-04 -1.271511266824202E-01 -5.364607720899153E-02 -1.546917866994632E-01
 1.721027637026115E-01  1.719483451082103E-01  4.148597091365420E-02  3.410661772605576E-02 -3.270167288365026E-01 -2.344809328489271E-01
 1.456916813582712E-01  1.271146721012473E-01  8.695560575157982E-02 -2.854464308476133E-02 -3.245650718315015E-01  2.209731704788813E-02
 2.067644567629393E-01  1.394707636468633E-01  2.368997220828766E-01  7.087179185000079E-01  3.795924541239148E-01  5.913548779289923E-01
 1.791822453323323E-01  9.673770079269954E-02  2.454661055632949E-01  3.263488966112983E-01 -1.520245646706241E-01  2.786767452736119E-01
 1.565544089790791E-01  8.159227569900940E-02  3.909063835378836E-01 -2.225779927118288E-01 -2.117661894175165E-01 -1.357947303637527E-02
 1.361119534805973E-01  6.212017939611002E-02  4.237358884366579E-01 -1.183857554540517E-01  2.102199957146615E-01 -1.616132549018416E-01
 2.292789659239131E-01  5.844419458241027E-02  4.006838538994112E-01  4.284767127094384E-01 -1.000082259227524E-01 -3.763162339592158E-01
 2.007870138156954E-01  1.612430897176387E-01  1.341174892133637E-01  2.961407999321405E-01 -1.722570567483152E-01  3.414852952863377E-01
 3.757122534851225E-01  1.313741759951911E-01  1.859509765119119E-01  1.687614569393144E-01 -3.975800520465102E-01  3.729452798410466E-01
 1.893784242066487E-01  1.177257307432769E-01  1.365191751696094E-01 -3.293416049924383E-01 -5.572733153152806E-02 -9.517048842059644E-02
 3.392910649470149E-01  1.456188017447538E-01  2.544745713726807E-01  4.822486342818359E-02  3.662100359842691E-02  2.602614426030879E-01
 2.953901013979279E-01  1.446842283077815E-01  3.465946980371032E-01  4.742991735519020E-01 -2.437894710363220E-01  4.918101593960772E-01
 3.366069483961407E-01  1.095080381810633E-01  4.516967333387977E-01  5.665692826722124E-01 -7.872168676192293E-01  1.211847668569018E-01
 1.643883809593410E-01  1.186444356254001E-01  4.306611841621142E-01  1.371059946279592E-01  3.743233517739837E-01  1.100911473728190E-01
 2.689906910128010E-01  1.923080027036179E-01  1.376949421785546E-01  8.166769375539045E-01 -4.404804312272808E-01  3.994449635833113E-01
 2.461866335967583E-01  1.610579255271906E-01  1.478791173673797E-01  1.039223805191785E+00 -1.209794853713512E-01  5.090614237245064E-01
 3.000759242868334E-01  1.426431272108081E-01  2.414008503113516E-01  3.293834892464481E-01 -5.032187529473294E-01  2.352143653620817E-01
 2.290810910446631E-01  1.361102767312512E-01  1.810004284844351E-01  1.742538228664367E-01 -5.378107469394906E-01 -1.986469432379410E-01
 2.615264680040285E-01  1.076460148561058E-01  3.455475109201257E-01  7.063125113267961E-02  2.175579415311714E-01  7.542654097019537E-01
 1.902124757065162E-01  1.181954918206135E-01  4.767595974439309E-01 -1.409660908376844E+00 -5.588218585247108E-01  1.127697517313380E-01
 3.211830331554448E-01  8.011211380728944E-02  4.610201663868013E-01 -2.558993372612528E-01 -5.926610370866163E-01  1.027779274406817E+00
 2.969880226775906E-01  1.699936596949777E-01  7.575015247230613E-02  1.557459109325739E-01 -4.702839533613031E-01 -3.165110855016149E-01
 2.644469819719070E-01  1.649527525524931E-01  1.116593517454544E-01  1.312024421851507E-01  9.937831766851347E-02  7.397222809811267E-01
 1.764719075322223E-01  1.446771609901570E-01  3.311356070424923E-01  4.251257951364315E-01  5.052006690238102E-01 -5.288344422973433E-02
 4.148830415416688E-01  1.623267582781529E-01  2.408578883222511E-01  6.271284807827196E-02  7.862369438489382E-01  4.871431317075602E-02
 3.687584647735529E-01  1.352563785396149E-01  4.272332856753579E-01  1.785344686775735E-01  4.228241504815894E-01 -1.636267940346026E-01
 3.294001511488201E-01  1.569665895743940E-01  1.105089620353708E-01  4.912270426811136E-01 -4.729862366245657E-01  1.634189765035371E-01
 4.378621602577180E-01  1.346889066100581E-01  1.433721376103044E-01  2.061193782368576E-01 -4.572851772522001E-01  2.531594109565326E-01
 3.704441531870285E-01  1.327678334979953E-01  2.396673146798613E-01  3.260485630001345E-01 -4.159068584074363E-01  2.519265336779402E-01
 3.831514400631984E-01  1.694731473965922E-01  2.717246898900756E-01  6.924470450628887E-01 -3.038270504119468E-01  5.404322384712622E-01
 3.074224248256490E-01  1.735088888132127E-01  1.324602061765565E-01  3.960932414039521E-01 -6.391412214146099E-01  2.599290522104243E-01
 3.943967634080977E-01  1.085410744658195E-01  8.147781618242417E-02  6.083648987823480E-01 -6.389510453055092E-01  1.101218151985468E-01
 3.418543564262547E-01  1.335481369437762E-01  2.070838326338724E-01  4.038699628976284E-01 -9.284886930877054E-01  5.966723510304852E-01
 3.515260909473673E-01  1.760709436610255E-01  2.864808436397267E-01  3.377382298890719E-01 -4.758628088475421E-01  3.697049437950471E-01
 3.854504315380147E-01  2.068456673737753E-01  4.488772547608532E-01  4.471703706251948E-01  4.642862428878081E-01 -6.236841229292584E-03
 1.673931216690017E-01  2.220049055817297E-07  1.263793226919485E-08 -4.817194181121379E-03 -2.594502833883485E-03  3.450770704127268E-04
 1.734847972243585E-01  3.838598319715499E-09  4.208775709084216E-02 -2.129400866689848E-03  1.719979722453126E-04  2.972618286114164E-03
 1.715224109560785E-01  1.386444026840024E-07  8.386871287283498E-02 -1.306950289795629E-03  4.561144143192686E-03  5.650219261902239E-03
 1.698750122096387E-01  6.353398608933917E-05  1.273852531061704E-01 -2.647784263014383E-02  4.097850288853585E-02 -1.878394311727378E-02
 1.706784994052715E-01  2.199456701016096E-07  1.681162860543679E-01  2.608917294057745E-02  7.171934811965090E-03 -9.523999477932166E-03
 1.696129321997551E-01  2.656202458049812E-07  2.137445249940947E-01  1.736961464321350E-02  8.679199832180835E-03  2.950612801128394E-02
 1.669923055415151E-01  1.759533697162562E-05  2.548115439978557E-01  1.477046750459454E-02  2.398797289300632E-02 -5.168037380500444E-02
 1.727416392785813E-01  4.564701361573441E-04  3.129048695386227E-01  2.514701134239623E-02  8.832519392156415E-03  1.396106729740368E-01
 1.709577699667507E-01  2.486636862751178E-07  3.507320730535461E-01  1.258133360614164E-02  8.234379695606031E-03  6.409575734874409E-03
 1.696404680243345E-01  3.503481102972595E-05  3.911466077003647E-01 -1.167408321472486E-01 -7.863602580962634E-02  4.349443303392602E-02
 1.789429339573734E-01  3.967283090647741E-04  4.304492039470225E-01 -1.554145892072758E-01  2.491450047297480E-01  1.196475171203670E-01
 1.818043404001438E-01  3.771261687059081E-02  2.158999729681208E-07  4.798497070895715E-02 -9.439219216312199E-03 -5.142848063067253E-03
 1.915123459315889E-01  3.131599186732292E-02  6.017567391242540E-02  9.996942260942003E-02  4.839281002555030E-02  2.355547850276301E-01
 1.926986495488759E-01  3.251856505097063E-02  1.039342903387240E-01 -2.091230402237120E-01  5.539630699191456E-02  7.616442747083761E-02
 1.943687579778944E-01  3.014293443880140E-02  1.459971892099379E-01 -9.390299262529787E-03  9.083117003965149E-02 -2.124418880221561E-02
 1.982057584991794E-01  3.067477063591083E-02  1.922472182110416E-01 -2.597629692045314E-01  1.830695362937428E-01 -1.651557180044145E-01
 1.900515979878117E-01  2.958821077011515E-02  2.346306958219854E-01 -1.275364955279783E-01  8.983645948558426E-02  1.262812495113208E-01
 1.882596310018893E-01  2.300378013652374E-02  2.817088633739076E-01  1.040296916917167E-01 -4.202059608857502E-02  7.428569205266111E-02
 1.955177210577197E-01  3.049869053789058E-02  3.346905485011900E-01  1.491992117613834E-01  1.821160370660227E-01  1.664441676812403E-02
 2.002138810337729E-01  3.508816978322355E-02  4.270118729087665E-01  1.140796526557922E-02  4.924893638722463E-01  3.205980890796319E-01
 1.681342115264619E-01  7.477472092303675E-02  2.079055608117807E-07 -1.616173427505229E-02  2.263340154732230E-02  3.768777807259914E-03
 2.107191922074326E-01  5.968814369183763E-02  3.565979134315790E-02  1.866040588427031E-01  1.923919300873801E-01  9.186548816828946E-02
 1.854749645187719E-01  6.826025973411144E-02  8.396152076825882E-02  1.643399254671271E-02  2.375713453562079E-01 -2.048184081507430E-01
 1.755921780529297E-01  6.449530600013065E-02  1.257742662286476E-01  3.656630790801567E-01  1.198328777692477E-01  3.486219591478576E-01
 1.787976707601260E-01  6.382861920306328E-02  1.675809899391693E-01 -1.471157605506644E-01  2.095345766918099E-01  3.141099866265933E-01
 1.843580519071356E-01  6.769506610965846E-02  2.100682766501150E-01 -5.322765407078456E-02  2.643401539298767E-02  2.514797549140050E-01
 1.689803210615218E-01  5.780722803440234E-02  2.554962006569691E-01  9.861337442528564E-02 -3.035596742681864E-01  3.156734585401205E-01
 2.501885065827386E-01  7.262683465502903E-02  3.195780601086242E-01  4.566534163559220E-01  3.138068655457811E-01  6.555431795134474E-01
 1.730133171080180E-01  4.411770334182629E-02  4.008260736159814E-01 -5.538098418748335E-02 -5.132705605217850E-01  5.070615229114861E-01
 1.890414051768591E-01  1.584558646926998E-02  4.669389201015199E-01 -2.112996021937258E-01 -3.570639329445093E-01  2.870453101390186E-01
 1.959198346413875E-01  1.126522815760222E-01  1.330775873063303E-03  7.745092476130488E-03  2.346659616178179E-01  6.047177638612264E-02
 2.514284592140149E-01  1.033059314337196E-01  3.864386652922015E-02  2.803776469760338E-01  1.066451693614099E-01  1.857052303429175E-01
 2.163474496710339E-01  9.484987646452253E-02  1.111251888546729E-01  5.485789052656711E-02 -2.566457540862327E-02  8.269554181801263E-02
 1.566375277234980E-01  9.128040100382516E-02  1.058027813047953E-01  1.197611105329173E-01 -7.924711646677350E-02  5.175581718580000E-02
 2.194413382052242E-01  9.871855777896359E-02  2.054956261779264E-01  6.195261583386960E-02 -4.678661369696858E-02  8.505461099503792E-02
 2.091649475414173E-01  6.026986990206937E-02  2.622615395499203E-01 -3.387863652547585E-01  3.417349751578186E-01 -1.954490982030892E-01
 3.079440271562603E-01  1.040953705133298E-01  3.355349323482553E-01  8.433274373232366E-01 -8.774619881576622E-02  6.465140641645412E-02
 2.248788749288035E-01  4.177227580835434E-02  3.685426187157011E-01  9.771887235173370E-02 -6.933600099889285E-01  9.295207353122834E-01
 2.230050995620069E-01  1.502410320612687E-01  2.375123211529620E-04  3.369201207379021E-04 -2.153631190818256E-03  8.586189421598119E-02
 2.191921682066306E-01  1.378932123320102E-01  3.821431601915365E-02  2.656789679924861E-02  3.102397877858156E-01  1.103010246983213E-02
 2.145974198918330E-01  1.012475468688384E-01  5.691042025555960E-02  1.374316917329438E-01  1.552164372546525E-01  7.660150105194760E-02
 2.039525179815254E-01  1.037284282179009E-01  1.687168915476253E-01 -5.157221379931571E-02  1.241902630174081E-01  4.915629036424512E-01
 1.591322319949039E-01  9.490448827264619E-02  1.582076048408626E-01  3.645753509929697E-02 -4.315364594423252E-02 -2.256449009158960E-01
 3.318563854896034E-01  1.256344518710913E-01  3.751061816692746E-01  2.297562329308007E-01 -3.659176872392198E-01  4.007509898714827E-01
 2.759273129085102E-01  7.263963369143217E-02  3.584467270129954E-01  2.061200809822310E-01 -6.039716451956171E-01  3.535926396124670E-01
 2.999137258715186E-01  1.122325503386077E-01  4.288642720840699E-01  6.993942534475306E-02 -5.988281210375003E-01  7.506226513866485E-01
 1.745403014674224E-01  1.454918341745984E-01  2.090831483888224E-03  6.901625753954364E-03 -3.868611621007639E-02 -1.030134362336166E-01
 2.906697389889042E-01  1.243802004963175E-01  8.763812973372431E-02  1.377903075956705E-03  7.563728137218123E-03  3.709962865082121E-02
 2.202240836474347E-01  1.340528520860647E-01  9.907881308297715E-02 -2.944132680397071E-01 -3.381376663355336E-01  1.208080497871420E-01
 1.941021594997534E-01  1.308986082521517E-01  2.004851829743140E-01  3.336593229769508E-02 -6.409399095888807E-04  5.340557154791847E-01
 1.643445792953054E-01  9.742432156659771E-02  1.992155853168344E-01  2.692450107319656E-01  3.262275818402499E-01  2.655173058472478E-01
 3.095568964391370E-01  9.655491704631090E-02  3.805141470834643E-01  3.463943664847327E-01  9.245702430802235E-01  4.015209063949147E-01
 1.571536845906469E-01  3.748134669964766E-02  4.485213758968374E-01  3.716859726126996E-01  1.428571770815484E-01  5.389502342190425E-02
 3.324930535012343E-01  1.466408672482789E-01  4.367426711799076E-02  1.115343965890063E+00 -2.010248789369640E-01 -2.760179271501915E-01
 2.819598673615233E-01  1.288943382176389E-01  4.820854520967834E-02  2.368178686339783E-01  1.713125961208595E-01  4.760932481552824E-02
 1.814399263755236E-01  1.555329177204295E-01  8.440660824845103E-02  2.657385050706558E-01 -3.482838354011131E-01  4.850215937587898E-02
 2.509668405975709E-01  9.363581049313725E-02  1.636898821718273E-01  2.950134236989302E-01 -1.428499963131111E-01 -2.162833918757086E-01
 2.006425443395715E-01  8.563807959415243E-02  2.917454540826322E-01  3.453173193980211E-01 -4.076777856574322E-01  2.446865768788161E-01
 2.314276825209970E-01  1.275535935151382E-01  3.025464319081455E-01  4.914823442256946E-01 -1.450031693310553E-01  9.554073882936427E-01
 3.698829109961809E-01  9.737322349563374E-02  4.270894509078247E-01  2.579391375693930E-01  8.092168541736137E-02 -3.446244198226741E-01
 2.355263671229043E-01  7.004598264743991E-02  4.430135428023332E-01  4.468428418412006E-02 -9.576329424326364E-02 -6.403950059711012E-02
 2.659057996244484E-01  2.204698591089753E-01  5.113244932823083E-03  4.527199387164403E-02  2.437939619806550E-02  2.247611108589518E-01
 3.406760320906981E-01  8.898197297619491E-02  2.087579414788722E-01 -7.231694131092891E-01 -2.001299608686202E-02 -5.493291249314732E-02
 4.046803429221846E-01  1.423412284116401E-01  2.883368205523221E-01  2.731907943915150E-02 -7.092803311911841E-02  8.768588386829639E-01
 2.178989902110853E-01  1.010937320054640E-01  2.493650833075252E-01  2.604300038578993E-01 -2.276703145794689E-02  3.713744166106670E-01
 3.693936316732716E-01  1.317328934971860E-01  3.324556653156883E-01  1.474290770397558E-01  1.792725925859711E-01  1.181890244948532E+00
 2.292898080665009E-01  3.318322882064157E-02  4.554970605174384E-01 -3.768052823292899E-02 -3.158219638695787E-01  1.850771257411815E-01
 3.224668132609417E-01  1.985616087397307E-01  6.357768510025538E-03  5.742669432173971E-01 -9.782772954521811E-01  7.717272140327308E-02
 2.429854156960159E-01  1.479180795418880E-01  7.082453021043567E-02  7.076637452350619E-01 -2.509428508028754E-01  4.292359078619932E-01
 3.036411307242196E-01  1.197795076632929E-01  2.770814771081354E-01 -4.165727965589252E-01 -6.658906269433099E-01  9.290249122438117E-02
 2.649017618164021E-01  3.578376757339895E-02  4.719399589191524E-01 -9.752441073962781E-01  5.445789508471984E-01  3.789078723561247E-01
 3.201328607653075E-01  1.810662176905782E-02  4.778627970181363E-01 -9.681741984859246E-01  4.772005584078609E-01  1.411611594557110E-01
 3.552885928184552E-01  1.988318718793472E-01  1.502681362474988E-02  1.499947641550106E-01 -3.561292267930956E-01  9.978923752733120E-02
 2.399234787224841E-01  1.239795531190673E-01  1.406961540953454E-01  3.766215509953475E-01 -3.127200358368216E-01 -2.995263345857467E-01
 3.323012497506951E-01  1.055711538728007E-01  2.439121556831715E-01  4.037439874165848E-01 -2.834185017680793E-01  1.624088009274892E-01
 4.523952711888162E-01  1.394314933905718E-01  4.720461590067426E-01  2.571983247415435E-01 -2.272587597175017E-01  8.338405618167246E-01
 2.922293562166374E-01  1.405817407701763E-01  3.112503397178374E-01  9.242095285060767E-01 -1.548357994760456E-01  3.022858718458852E-01
 3.641496592340699E-01  1.306415170810611E-01  8.315606245305972E-02  9.495036394892296E-01 -3.277780155812184E-01  1.578256303326284E-01
 4.371452380896220E-01  1.636982681643326E-01  2.736083658809433E-01  5.600324081463894E-01  1.062501579916384E-01  6.994101703198496E-01
 4.462144366594000E-01  1.432435079312191E-01  2.070949994339038E-01  1.989443330393268E-01  3.134472555349870E-01  1.153608679259314E+00
 4.623325110191697E-01  1.022647747781222E-01  1.377105116473837E-01  1.548087654701506E+00  8.618563894743991E-01  9.455984227013361E-02
 3.736168863392113E-01  9.476481524917635E-02  2.839487693592225E-01 -4.958611860951251E-01  4.284079415354131E-01  4.795724695037811E-01
 4.332760708334682E-01  9.462616219688068E-02  4.695811187285753E-01  1.876068523938901E-01 -3.522631357551310E-01  8.678612177674192E-01
 2.072870404995988E-01  2.017762023925779E-07  2.895385628905704E-07 -1.673480888763009E-02 -2.326421558453126E-03  6.767287224146462E-03
 2.129109815769089E-01  4.523523366959503E-07  4.056463553606245E-02  3.551863056099759E-03  8.043565064665924E-03  7.920658480183689E-03
 2.112317660966891E-01  7.289911733880780E-08  8.324277553235762E-02  9.133596564243677E-03  2.385251219805550E-03  4.827856210668908E-03
 2.147544735640496E-01  4.762415025586894E-08  1.248786689565028E-01 -3.454823161510752E-03  1.590037307033246E-03  6.991712705857261E-03
 2.143764597830941E-01  3.165145555537628E-05  1.715538148267017E-01  4.259650140011483E-02  5.276459778804401E-02  4.061645814141659E-02
 2.139972456570574E-01  1.671027665530858E-07  2.125134219748530E-01 -1.660755588658022E-03  4.155814896014336E-03  1.650750862557073E-03
 2.140686646697518E-01  2.466171835635542E-05  2.540839266819411E-01 -1.132933588715836E-01  2.410861094030884E-02  8.704156055112829E-02
 2.163266687823051E-01  2.592548279516135E-08  3.153797168404603E-01  6.763395636223356E-04  8.600225554021006E-04 -4.700004799881360E-02
 2.224902187291554E-01  7.010922090760344E-06  3.520144538606799E-01  1.418082171140933E-01 -4.898131029945454E-03  5.435232658139002E-02
 2.117699891393720E-01  1.069460147529608E-03  3.888076792635355E-01 -1.068161507818463E-01 -1.104404501373935E-02 -2.776656393316502E-01
 2.366673419042409E-01  6.650972444537063E-05  4.214129006005454E-01 -2.023157240831760E-01  3.151688221894623E-02 -1.573825354711118E-02
 2.228184382626018E-01  1.770211604319402E-03  4.788864038370167E-01  8.728399948323599E-02 -7.546441373060538E-02  1.158593794711757E+00
 2.252138217416812E-01  3.787774183683019E-02  2.879787331715453E-03  1.717326409451329E-01 -9.453689766406588E-04  1.302011733066207E-01
 2.348233423175176E-01  3.002310707623741E-02  5.901388650054299E-02  5.485465236857495E-02 -2.190204355659047E-01 -1.474806685233528E-01
 2.374796473531287E-01  2.964073753325356E-02  1.062208961043374E-01  1.350195497729223E-01 -2.425163078279211E-01 -1.832272973156745E-01
 2.387460853436640E-01  3.014652337751076E-02  1.543090304998123E-01  2.150699366939520E-01  9.282883659720664E-02 -2.553604378974638E-01
 2.417506266426725E-01  3.229928021535229E-02  1.969368709181276E-01 -1.115532230347623E-01  8.660910715637751E-02 -1.812094887024829E-01
 2.360691802415196E-01  3.032297958447792E-02  2.389262594672543E-01 -3.230342299727841E-01 -1.629896213983106E-01  1.653283734365524E-01
 2.454587673805264E-01  3.189924021320563E-02  3.205103494268173E-01  3.858422196829983E-01 -5.806282122927061E-01 -5.128186887214723E-02
 2.818507170271455E-01  8.686288747622534E-02  4.053036546303072E-01  1.009088437818238E-01 -2.957992171438020E-01  6.082526200782316E-02
 2.118321459237472E-01  7.818422385658116E-02  2.060930423738500E-07 -1.750718965918317E-02 -8.314123962758992E-03 -3.198939509387306E-03
 2.519705947693842E-01  6.314283737715150E-02  3.778007046256070E-02  1.121123346472925E-01  2.798096913849464E-01  4.914062209393721E-01
 2.234701881718225E-01  6.664472412515371E-02  7.820089352511266E-02  1.307771242651727E-01  3.910631648524789E-01 -3.888544105363675E-01
 2.194770682253186E-01  6.379039929688970E-02  1.356467877667167E-01  6.030818855050189E-02  3.850405820855251E-01  2.033016000553469E-01
 2.225464611676128E-01  6.378319604340227E-02  1.738895180533157E-01 -5.256498760748428E-01 -3.636421524871652E-02  1.007619295730557E-02
 2.278921668825148E-01  6.537024296822989E-02  2.228605703297991E-01 -2.328369255760561E-02  3.820989943766952E-01 -6.426798381539092E-02
 2.301757686950786E-01  2.549590410794285E-02  2.812987704139787E-01  4.983680119777835E-02 -1.224758095041726E-02  3.995366470628231E-03
 2.336298376705625E-01  8.303126037910263E-02  4.853505421946668E-01 -4.113748768063750E-01 -5.151212876041799E-01  5.147226700176382E-01
 2.413552154540375E-01  1.141302553139797E-01  8.561704614339056E-04  1.946453298176362E-02  1.066961292977305E-01  2.406800871316694E-02
 2.941277574358483E-01  9.106188335736358E-02  6.486284792817508E-02  2.474480832284887E-01 -1.115926115253873E-01  5.951427091784371E-01
 2.631115272344979E-01  6.685700056988073E-02  8.635603764925945E-02 -7.648708629522404E-02  5.442064401773674E-02 -3.464246468818864E-01
 3.017547692826753E-01  5.842815979666226E-02  1.317475044462838E-01 -8.900855209405799E-03  8.224034799980279E-02  2.239556461179319E-01
 2.743878685761278E-01  8.001001789688499E-02  2.425096978547116E-01  5.695936717978169E-01  2.753073054381534E-01  2.176210222752088E-02
 2.817237915885568E-01  8.413882806598008E-02  3.061530753063453E-01  6.103645811406673E-01 -3.618486259679591E-01  4.302537273026718E-01
 3.201897103376559E-01  6.596358628041096E-02  3.280864782385772E-01  2.120773353299038E-02  3.058822625246472E-01  1.603255199965360E-01
 2.711493181194177E-01  1.489465905083830E-01  1.587564993275617E-02  7.886612847229411E-03  4.968856089936408E-02  3.620282225112368E-01
 3.151814989627227E-01  1.035240162697925E-01  3.482779159384370E-02 -5.274180481752815E-02 -1.526897918743017E-01 -2.078437668451414E-01
 2.484968602421314E-01  1.041387269707290E-01  9.116754877864981E-02  1.707850358357677E-01  2.629196201856906E-01 -9.543692877348268E-02
 3.175103267751191E-01  1.290857866671018E-01  1.451179582195067E-01  1.219061151873254E-01 -4.586186213067898E-02  2.556223937533613E-01
 2.441321229358776E-01  8.732614519614756E-02  2.716818452326732E-01 -9.292804443356084E-02 -1.924109613891122E-01 -1.889327728564003E-01
 4.045310771580567E-01  9.649993340694474E-02  3.217647670558805E-01  9.997927434834925E-01  3.723743759127640E-01  5.115328325791245E-01
 4.587266589745018E-01  7.423482539073754E-02  4.275307072136323E-01  8.516376032065649E-01 -5.101460596338224E-01  7.954708034698537E-01
 2.525355228365973E-01  1.837748294167296E-01  4.904964989121415E-03 -1.539566317803677E-03  7.887180366402693E-02 -1.902191579652929E-01
 4.851332862416606E-01  7.942685986494959E-02  1.573963058065284E-01  5.625940091102946E-01  8.689714331608070E-01 -5.313184285196580E-01
 2.853781860341693E-01  9.154595766246210E-02  1.090634509290438E-01 -5.829526658896819E-02 -1.704424928912413E-02  7.533023098910252E-02
 2.604371600229901E-01  5.577369227631957E-02  1.288079264654277E-01  2.548508729232608E-01  2.252896333448737E-01 -2.087295175568863E-03
 3.698063714422685E-01  5.272961581927478E-02  2.113661397258578E-01  2.483024452679888E-01 -2.163694175575879E-01 -4.569022206728610E-01
 3.384459327098553E-01  1.104541286174150E-01  2.843082944118379E-01  5.240475948723333E-01  3.957849595018023E-01  1.766850650327885E-01
 3.161919402201373E-01  1.873243252560877E-01  5.166856039702822E-02 -2.959863610684920E-02 -8.717324572234242E-02 -3.654439701982243E-01
 4.058548002036152E-01  1.056546617118690E-01  3.600351599449585E-02  6.021559943447677E-01 -1.578114217091535E-01  9.317607709059723E-02
 2.931205861167777E-01  9.447212057372738E-02  1.534948181047621E-01  3.901408784909360E-02  9.142183746614403E-02 -2.161404374302666E-01
 4.499375275077043E-01  9.714631004342292E-02  2.482562867117983E-01  8.449004547408465E-01 -8.677024554310586E-01  4.862538727281291E-01
 2.679294905680488E-01  8.858138686472999E-02  2.061872760410299E-01  1.162417306384771E-01  4.880573090310572E-02 -1.179461128439363E-01
 4.263201972209382E-01  9.173449535798273E-02  4.299462888145184E-01  1.179386590351442E+00 -6.145846357784340E-01  1.325222451998205E-01
 3.793750541251366E-01  1.850839581077174E-03  4.093437572916156E-01  1.443540353033974E-01  3.548758729977145E-02 -6.997258654129770E-01
 3.793894342687507E-01  1.647271120839216E-01  1.635068057699839E-01  2.022324077700638E-02  1.498057582839671E-01  6.293060387752842E-01
 3.842236502998898E-01  1.450656466579525E-01  3.355532878721477E-02  5.761627129524020E-01  8.572588169900851E-01 -3.138746594208582E-02
 4.166828288346474E-01  7.462410877645752E-02  2.681192024978670E-01  3.827654849086592E-01 -2.178380198150668E-01 -3.613942610868304E-02
 3.364501104313789E-01  9.913293800539764E-02  1.692712579888639E-01  4.973408465425118E-01 -1.954766617561427E-01 -2.248721567840988E-01
 3.751530540852673E-01  5.055468509272239E-02  4.261905968401563E-01  5.308662501016569E-02  2.317750988493688E-01  9.477507098345412E-01
 3.497087630075046E-01  1.677800869613554E-01  6.662574227531405E-02  7.893253028528405E-01 -4.458126064110822E-01  6.607019248409010E-02
 4.898613310876212E-01  1.302379147203678E-01  1.469666447898121E-01 -5.611176723653074E-01  1.534132548124758E-01  5.471215720777800E-01
 3.758984025593490E-01  8.704152661336567E-02  2.424412158510409E-01 -2.511207062458443E-01 -3.745975083693377E-01  5.304064146809403E-01
 3.939539963700485E-01  6.331617441823077E-02  3.031971508085154E-01 -5.425494113594930E-02 -2.128014246432408E-01  5.679503350912760E-01
 4.896140416502564E-01  9.013035597138795E-02  3.686713494242987E-01 -8.190170759783856E-02 -4.446538145304361E-02  1.494003490387244E+00
 4.461088020308868E-01  5.825612043643757E-02  4.625869833724486E-01  6.510857268752105E-01 -2.215789515330585E-01  7.220614578084485E-01
 4.182845873926617E-01  1.268782027486415E-01  1.044790337423334E-01 -2.954219981584644E-01 -5.602441521886365E-01  6.826562488984873E-01
 2.827482613558854E-01  1.300894576633899E-01  1.279671313360954E-01  6.459732541489973E-01 -1.377937937243138E-01  1.644365263769290E-01
 3.979574837024948E-01  4.044684569012841E-02  2.324469379808555E-01 -2.414466036233965E-01 -4.787581287550759E-01  2.232603539017665E-01
 4.346447559585458E-01  9.301798725932575E-02  1.673475946743405E-01  6.261519030684856E-02 -6.673498434067268E-01  9.576286057582886E-01
 4.927763190278749E-01  1.285530394011990E-01  3.236088587028496E-01  6.819265659465298E-01  2.860670005321116E-01  1.144663955028172E+00
 4.267398163182721E-01  1.295434043873648E-01  2.534007412797225E-01 -6.751143315280551E-02  4.390799521606500E-01 -5.613367854562248E-01
 4.838767443986282E-01  1.908872268556162E-01  4.823807061195019E-01  1.337010414303742E-01  4.931550405660983E-01  1.597141385580662E+00
 4.119487914056075E-01  1.324960712969417E-01  4.309306200657460E-01  2.735243929634606E-01 -2.718767868810614E-01  1.279411689361031E-01
 2.465490562697636E-01  1.650478964671850E-07  1.086786393457830E-07 -1.125588594345693E-02  5.206812824673310E-03  2.755026583797207E-03
 2.568579156025200E-01  9.052604899102404E-08  4.146264325012946E-02 -7.496685634080559E-03  2.921597612107188E-03  5.543298592466923E-03
 2.538048805084941E-01  5.870698863171993E-05  8.317560662096343E-02 -8.915208088102894E-02  7.057943102900231E-03  1.795803877556156E-02
 2.538373989432234E-01  2.140790070384822E-07  1.263132009046079E-01  3.998412171027721E-04  4.740586433714238E-03 -3.033265561613372E-03
 2.583446040526621E-01  5.756153791914138E-07  1.770384585862169E-01 -3.230537797557768E-02  2.964711878414287E-03 -1.633113255590493E-04
 2.576118487156591E-01  8.204421974897116E-07  2.156867287138989E-01  4.340102436661828E-02  1.530541300608107E-02 -8.663471918663190E-03
 2.602370697878174E-01  1.335302003393086E-03  2.591911626411273E-01 -9.139576116814682E-02  2.032014999675211E-01 -1.988624754239179E-01
 2.637240824754293E-01  1.060031517511790E-03  3.046629839538399E-01  1.103866999906475E-01  1.684657692514890E-01  3.513733479737882E-01
 2.675028909009060E-01  2.978905321197367E-06  3.464314652304872E-01  4.628933695031359E-01 -2.064731823266931E-02  2.922460615334586E-02
 2.527247466419915E-01  1.142674256420320E-03  3.856487588378581E-01  3.100696959608418E-01  1.011649646328237E-01  2.513619633321835E-01
 2.589151465168977E-01  4.930454389551769E-07  4.525190379218508E-01 -1.999892126351089E-02 -3.394424373769381E-03  1.053702368449108E-02
 2.639144013953992E-01  3.779012332188950E-02  5.685542391674597E-04 -6.107117594966089E-02 -2.459810401504698E-03  7.408723923432372E-03
 2.781606767657788E-01  3.267031099314162E-02  6.106088872197232E-02  7.439869294410116E-02 -3.563717915163462E-02 -1.896913888232127E-01
 2.830078034092066E-01  3.178673299003378E-02  1.038660793140473E-01  3.067162645265805E-01  1.395872127646128E-01  5.518320124934842E-02
 2.818026605264875E-01  2.412623188297740E-02  1.493269587118828E-01 -1.273830715233451E-01  2.471971112417340E-01  1.754923238987603E-01
 2.864178310235415E-01  3.335658102688237E-02  1.989656267909719E-01 -1.808377064152309E-01 -1.825981380381553E-02  2.433017264638035E-01
 2.784969599410347E-01  2.996041850300225E-02  2.391274506946302E-01  1.096917368047835E-01  1.808438537520178E-01 -1.572009759496554E-01
 2.855467445514743E-01  3.914468646739667E-02  3.057091871572668E-01  4.341452722334633E-01  3.521119327925647E-02  4.715656125785489E-02
 2.634471626075850E-01  3.927026218449556E-02  3.682890022551722E-01  2.780999689983124E-01  3.585747265281805E-01  4.697133208260200E-01
 2.959212961102320E-01  4.965807078663350E-02  4.013257928364832E-01  3.288786163458125E-01  4.362793569938889E-01  2.977075630142131E-01
 2.546220018672404E-01  7.814389741168824E-02  5.758118860185483E-08  1.217887971845999E-02 -1.514217077312095E-02  1.993620859587428E-03
 2.959038023302523E-01  5.938019345612154E-02  3.692350461380862E-02 -1.143121346985481E-01 -1.045311657834974E-01 -2.072686580941254E-01
 3.847151426719192E-01  8.543759341743745E-02  1.585311242064418E-01  2.592874267782727E-01  1.342259080159271E-01  4.039168550342659E-02
 3.417786145394622E-01  7.790969686582666E-02  1.351290032500119E-01 -7.709266465080171E-02  1.538505782530485E-02 -9.188867911545932E-02
 2.700543646421720E-01  6.173832089126027E-02  1.753017252020470E-01  3.495286272843833E-01  2.294963877824432E-01  5.601830078190275E-03
 3.319096658972983E-01  6.436949484676766E-02  2.457127106329918E-01  1.264445979349435E-01 -5.448509607829868E-02  3.970121730348074E-02
 2.635875285551263E-01  5.196778991428302E-02  2.739316595527344E-01  2.110101876185906E-01  1.519588060550383E-01  1.294495918411208E-01
 2.673087841149672E-01  3.803068558396546E-02  4.172096868338301E-01 -7.507893238083724E-01  8.130340421869381E-02 -6.171976078249940E-01
 3.412167695576089E-01  3.361038731759287E-02  4.269767736114933E-01  6.539115637668934E-01  5.989047991882246E-01 -9.532971151155305E-02
 2.864722552876475E-01  1.127279938551058E-01  5.040094941535468E-04  8.533382503945001E-02  4.178831812228408E-02  8.053018215096422E-02
 3.314726700248173E-01  7.262286975513592E-02  5.507179630620037E-02  8.474205551289336E-02  1.089266419766056E-01  9.859933850380642E-02
 4.559262531500667E-01  6.136383269502774E-02  1.766101790779657E-01  2.670824738661232E-01 -1.664453922210969E-01  8.856119593052447E-01
 3.522128155309939E-01  5.956066587627375E-02  1.731968373127391E-01  1.039381106588793E-01 -1.828080576755987E-01  3.336629280367539E-01
 3.621722822600482E-01  3.838538477727231E-02  2.502477887000502E-01  2.845664519769192E-01  8.180309419525615E-02  3.712171795452076E-01
 4.130144782767780E-01  4.694280148917255E-02  4.189624471513805E-01  4.171690744532327E-02 -2.306536209028167E-01  8.907076635519554E-01
 3.595923731574602E-01  5.881358261300335E-02  3.407885396777405E-01  6.216691705779346E-02  3.895783810330418E-02 -5.381834219674206E-01
 3.359008609601319E-01  1.155246096408974E-01  5.725276072804460E-05  1.102677858457660E-01  2.071787968917047E-01 -4.096036211215184E-02
 3.459887733154366E-01  9.990027555481332E-02  1.018161894388510E-01 -3.935176196137949E-02 -6.260860333715880E-01  5.895409478624223E-01
 3.717616091950221E-01  1.115545371831114E-01  1.325916458909831E-01  2.252680321848887E-01 -8.158453406010506E-02  4.129114258647724E-02
 3.797118253278604E-01  9.319331812308632E-02  1.961865515399296E-01 -9.772886844040503E-02 -3.921907142156396E-01  1.274695891972901E-02
 3.034204123825183E-01  7.318466958468166E-02  2.140620221512193E-01  2.917879156470769E-01 -3.406361885446998E-01  3.776739576815555E-01
 4.340559032827975E-01  6.461878952568796E-02  3.884869634831527E-01  1.110116202639314E-01  3.880220787398455E-01  1.262009540888814E+00
 3.077112551286286E-01  1.457969178353353E-01  2.458716130729397E-03 -2.764479545919701E-01  1.413094314252649E-02  4.631164562278297E-02
 4.328021359519577E-01  6.708964702372612E-02  1.384816366600382E-01  1.062070765659995E+00  4.391664987718314E-01  6.166425916843006E-02
 4.705294554506326E-01  1.411430972046417E-01  2.812861580492848E-01 -1.107823562153454E-01  5.980026292662647E-01  1.159445164956885E+00
 4.242686745111102E-01  9.938280129954370E-02  2.909894451838801E-01  6.676447071308230E-01 -2.044801843176738E-01  8.442490913306008E-01
 3.495001297189942E-01  6.358648771171470E-02  2.857780116116034E-01 -1.098482255336277E-01  3.371986294657452E-01  2.355356741641494E-01
 3.631812046435999E-01  1.477683634584000E-01  6.747934622416327E-03  6.903978999228038E-01 -2.936063621441022E-01  1.022027431739486E-01
 4.465658260778680E-01  1.034450796151942E-01  8.728831000177500E-02  3.120109063329540E-01 -6.105586023112238E-01  3.248158608978172E-01
 4.490138407753593E-01  2.591681980018684E-02  3.861475790283022E-01  2.371176673197315E-01 -1.275140471710441E-01 -7.318089749667207E-01
 4.569642025693660E-01  1.593189735335183E-02  3.471122386894878E-01  6.771232040113289E-01 -2.662690729888088E-01 -1.542359615651628E-01
 3.750459849506905E-01  1.506325570026864E-01  1.230195694219618E-01  1.070560968879656E+00 -2.912174005105588E-02 -5.975090649962352E-02
 4.088027062011471E-01  9.176659378285278E-02  2.287540974533073E-01  8.907971566599793E-01 -7.090297378094964E-03  1.412995569934427E-01
 4.152330475105705E-01  5.759729768891285E-02  1.885697147414728E-01 -1.648261583767630E-01  4.889428380338141E-01 -1.967974838230432E-01
 4.202288649182105E-01  3.547798264404334E-02  3.192471020931859E-01  1.848119983898319E-01 -1.941568228941996E-01  1.322905069992198E-01
 4.365814710688436E-01  1.552967495871137E-01  2.453897664114323E-02  6.292556403218105E-01 -4.926785784564511E-01 -4.580261164289383E-01
 4.359001230800587E-01  5.106069187118170E-02  2.167761373717427E-01  7.352154934695694E-01 -1.502293198400769E-01  8.576128577835742E-01
 4.763843755539572E-01  1.588804787161424E-01  4.564843386441053E-01  7.657296360952053E-01 -1.497987778764501E-01  1.048323338485549E+00
 4.791163501887797E-01  1.245553226744427E-01  6.502981342542304E-02  1.288418052434261E-01 -1.557557743474490E-01 -3.317384989695686E-01
 4.349707608323156E-01  1.465376614473249E-01  6.193582357580530E-02  2.229729125128957E-01 -4.889474334593439E-02  8.010062152718764E-01
 4.457375882167731E-01  5.805870840830148E-02  3.496531061060990E-01  2.672565376856306E-01 -7.970946719374562E-01  1.266892184288418E+00
 2.857071744023756E-01  4.519957367711177E-07  2.895408752412045E-07 -1.663854942052777E-02 -5.183686176620615E-03  6.844835165054571E-03
 2.955769752031313E-01  1.312522595781597E-07  4.139179843563297E-02  4.778294522434111E-02 -2.065988806706733E-03  5.379998539547432E-03
 2.950849801674558E-01  1.704046121662507E-07  8.335556579047888E-02  3.252628622086595E-03  5.657332109679230E-03 -2.470946826704285E-03
 3.007800401857778E-01  2.210289217981382E-06  1.252377861660565E-01 -1.240312960847163E-03  1.079869901392981E-02 -2.335888378637371E-02
 3.037740087926317E-01  1.205460776165948E-07  1.749101796276659E-01 -4.112785233725510E-02  3.963798201100279E-03  2.612429151113280E-03
 3.032856125051419E-01  2.132342086337048E-04  2.188482745448611E-01  1.380968179874892E-01  1.546455303727757E-01  1.396901341729558E-01
 2.976665643147697E-01  3.064777098637531E-04  2.770727015696592E-01  1.424800369023447E-01  5.944770360552475E-02  3.295146146075167E-01
 3.008261842083901E-01  2.253474773340349E-04  3.167142093246102E-01 -6.564392649746628E-02  5.680686316935818E-03  2.572199295828654E-01
 3.011367190727680E-01  3.389326551247540E-03  3.620422278896859E-01  2.154524125302835E-01 -1.148463932134809E-01  2.782775168761618E-01
 2.853298116622872E-01  2.166853622954217E-04  4.100452950938138E-01 -3.643564861246562E-01  2.999969208093361E-02 -9.882241130752510E-01
 2.995883824394022E-01  2.279452675028797E-04  4.456985815352447E-01 -3.255070487547257E-01  2.977930869037810E-02 -1.562996641809613E-01
 3.055123810252240E-01  3.590310692078228E-02  2.552789643663427E-04 -6.384592652531870E-02  2.095950528874465E-01  5.665460733319815E-02
 3.230967394816872E-01  2.821558688273295E-02  5.411554338275252E-02  6.038700362128983E-02  6.720659531700424E-02  1.416339243275349E-01
 3.505459446805209E-01  3.569645045217603E-02  9.659534652748472E-02  3.694909209678938E-01  1.761414042325335E-01 -1.974953147539273E-01
 3.313847700455524E-01  3.449865416015881E-02  1.406476959556115E-01 -1.919444204735000E-01 -1.451514786215241E-01  1.189885133969946E-01
 3.240067460985198E-01  3.089467051298276E-02  2.099773037426327E-01  2.096269891294276E-01 -1.560423515579124E-01 -1.773797785873571E-01
 3.178076289421835E-01  2.674656019521904E-02  2.547815951888520E-01  2.374258478087942E-02 -1.769091529591756E-01 -3.212663862420561E-01
 3.242499376813371E-01  3.153160564667103E-02  2.971857995729103E-01  2.631557963744071E-01 -1.068713742702671E-01 -2.231485657639138E-01
 3.254166879186794E-01  2.471566649760884E-03  3.924765881930181E-01 -5.818391624735222E-01 -7.221668570089618E-03 -5.837337409843028E-02
 2.981032703321416E-01  7.606857285312867E-02  8.750320264119860E-08  7.501920966746732E-03 -3.071383209014017E-03  2.867604103827141E-03
 3.678665445837123E-01  3.838497953518737E-02  3.976096365252345E-02 -1.469097128040145E-02  1.018544410702005E-01  2.455788543656772E-01
 3.184923173335396E-01  5.369488493293030E-02  8.799592944636088E-02  2.276354282780601E-01 -1.083942278243073E-01 -1.574804031208823E-01
 3.726884122441432E-01  6.623158412793372E-02  1.133777608723753E-01  1.535999398105493E-01 -1.863078195989571E-01  3.574529960613876E-01
 3.680415356803849E-01  1.277044145153154E-02  1.982355222048144E-01  1.913374826166095E-01 -6.552389579078717E-01  3.987016756406999E-01
 3.663158964941731E-01  2.916044961593749E-02  2.973034980059339E-01  3.565799358242842E-01  4.187341767864068E-01  1.475409567800751E-01
 2.998772272027144E-01  6.557165246291596E-02  2.734076815721891E-01 -1.459953621374074E-02  3.994287529531187E-01 -6.732013706449684E-02
 3.398856853978240E-01  3.386312448333940E-02  3.759052502509330E-01  5.203801192865382E-01  8.496908835842254E-03  1.444289913145765E-01
 3.649978482010481E-01  9.582864918865072E-02  4.039237327949186E-02  4.808349951220979E-01 -1.490514857354660E-01  8.506565735652821E-02
 3.947673754727861E-01  3.158039518527603E-02  7.674986617204546E-02  1.971920166909659E-01  9.663729190020665E-02  5.089650751392180E-03
 3.132965760659609E-01  6.261019363492293E-02  1.777926965711019E-01  4.341870407088331E-01  1.367970618782894E-01 -1.227342335017736E-01
 4.831684552178745E-01  7.432913719851254E-02  2.648492517208810E-01  3.823191708867100E-02  5.527657618949718E-01  1.099864083077980E-01
 3.806773251178295E-01  2.531031425092541E-04  2.478203115638661E-01  3.467868631205935E-01 -2.220403418715235E-01  2.623759653867546E-01
 3.865879120434448E-01  1.545892260139333E-02  4.505079983094947E-01  3.345784493185902E-01 -5.246190420486122E-01  2.285688016900244E-01
 3.849981250525014E-01  9.858981969417299E-02  6.982632879833253E-03  7.193249047984848E-01 -2.857783998976571E-01  3.363428965884379E-01
 3.756427468088129E-01  6.778908205040872E-02  6.443156402561298E-02  4.312914951904859E-01  1.455790838873827E-01  2.605878610348311E-01
 4.401272754629535E-01  3.913275513661461E-02  7.804816023798877E-02  6.413512823922427E-01 -5.685122082781257E-01 -5.068034624961769E-01
 4.510098426017909E-01  4.041821684683509E-02  4.011310376274167E-02  1.680657110157883E-03 -1.578637654633851E-01 -8.674272289935389E-02
 3.741055385023786E-01  3.208059186589161E-02  1.546998020696247E-01  4.608735490830917E-01 -6.830816648005793E-02 -4.807395301062661E-01
 4.026422817495126E-01  3.664618893433638E-02  2.768781754998375E-01  2.890195986801436E-01  4.256739940277029E-01  9.819613127611025E-01
 4.199458360239838E-01  1.342941368581455E-01  4.914094242009622E-04  4.092159720704674E-01 -5.980660405180286E-01 -5.540180566751141E-02
 4.050701754264849E-01  8.682791794959312E-02  1.213058820629749E-01 -1.677384064429078E-01  4.992714944608754E-01  3.466733641349328E-01
 4.824631813037042E-01  7.171673212768190E-02  1.077615096482421E-01  1.435051814746598E+00  6.672228390697620E-02  3.062313621745250E-01
 4.582150486756731E-01  2.134164388560753E-02  1.518384833080615E-01 -5.480746303695008E-01 -4.993968474998717E-01 -9.939297642010103E-01
 3.898428941709078E-01  3.737379558338862E-02  3.482898193542502E-01 -4.119604605106188E-01  3.030289944745239E-01 -4.078167646247068E-01
 4.608338595832953E-01  7.383216652849754E-02  1.860303978622084E-02 -3.880229108955304E-01  1.013398103087520E-01 -3.264661305968078E-01
 3.247378993543797E-01  3.482021935937614E-07  6.719852611043273E-08 -6.605890601914204E-03  8.270851932907872E-03 -7.640041882385343E-04
 3.443809870368361E-01  1.274794005824580E-07  4.075640952435483E-02  1.998685666372619E-02  4.178899835938464E-03  5.651350074301863E-03
 3.375684412912266E-01  1.487675379203925E-07  8.390685265923095E-02 -5.790384329754136E-03  4.942528426231500E-03 -8.303787712221518E-03
 3.410292609816156E-01  1.426422486263912E-07  1.280543757594161E-01 -1.023894992483381E-02  4.728187495244953E-03 -3.138185418371555E-03
 3.398397144118141E-01  3.454051943843246E-04  1.751906571908658E-01 -2.910328463412215E-01 -3.749078430989289E-01  6.563046923305569E-03
 3.425211863099566E-01  4.616798629234454E-05  2.356651488287028E-01 -1.067712462336164E-01  6.196331233328146E-02  5.637415788629722E-02
 3.432567906773166E-01  1.427063614523298E-04  2.793552210287301E-01 -1.994813167725578E-01 -2.061465638429101E-01  3.977066597557600E-01
 3.431519510327719E-01  5.382880003510064E-04  3.193732856051256E-01 -2.734283998964075E-01 -1.873118198737922E-01  1.074273121150662E-01
 3.516047013338024E-01  4.089135160090521E-04  3.596241662975676E-01 -7.231210619806061E-02  2.659692856780365E-01  1.331605705322969E-01
 3.954760220031820E-01  2.751447951458095E-03  4.882058475018527E-01  5.407494724309072E-01 -3.600073921472704E-01 -3.366214401285889E-01
 4.230719728340119E-01  1.108789338605413E-02  4.633693000546664E-01 -3.591717121298400E-01  3.597122642093313E-01  3.766022650631154E-01
 3.488629813220254E-01  4.069016928495112E-02  9.510413195155165E-08 -2.264514663168375E-02 -8.181720721027868E-03  3.109953752464441E-03
 4.086396824736389E-01  3.872210856973511E-02  3.625859465434913E-02 -4.130848745345923E-01  2.664825888510602E-01 -1.983714197282631E-02
 4.072492932097611E-01  2.740173487906417E-02  1.129752247228005E-01  2.724994740024802E-01  4.184254699226589E-01  9.081930044662970E-02
 4.464812356384189E-01  3.411906535806063E-02  2.569740640033873E-01  2.730064704876889E-02  1.919704253553987E-01  5.925154363673768E-01
 4.290426063665413E-01  1.784798460513112E-03  2.674235488829998E-01 -2.517616405440338E-02 -4.608068026492655E-02 -4.067735515968461E-01
 3.857488675889269E-01  3.143328584227891E-02  3.874851638253179E-01  4.961045289223999E-01 -4.922638255318876E-01  5.598240169248196E-01
 4.094485138085387E-01  5.058626605730478E-02  4.763645190745368E-01 -3.995763762192179E-01  5.069356993219782E-01  1.409341320207845E+00
 4.876369262105812E-01  6.379887275966107E-03  3.926823492122893E-01  3.243859330233291E-01  9.651235761233908E-02  3.304275126872112E-01
 4.215332626304091E-01  7.434157606140229E-02  3.751887189824518E-03 -4.066260502612716E-02  1.561272157321310E-01 -6.007572524115158E-01
 4.660788988228788E-01  4.867907910785745E-03  1.079646113053622E-01  4.203311992425467E-01 -7.104215796570938E-02 -2.709150814579142E-01
 4.138315381459295E-01  3.073781611227517E-02  1.546500517057542E-01 -2.498045859650352E-01  3.642972740909480E-01 -5.241517966328679E-01
 4.089827166455797E-01  7.895404208268890E-02  3.600747596078762E-01  1.750100105634224E-01 -1.065032539780015E+00  2.028162190138915E-01
 3.418474527070335E-01  7.929232545172711E-02  1.909852532736904E-03  3.122264162701833E-01 -1.649359753584573E-01  1.458233340380887E-01
 4.583508210268833E-01  4.225758215922222E-02  1.180560952744480E-01  4.235670980922536E-01 -2.731207776600714E-01  5.810567219563837E-01
 4.590078938123288E-01  1.120904285744155E-02  2.914808721809281E-01 -3.415006429710632E-01  5.895296504993133E-01  7.631476531703725E-01
 4.511069492487665E-01  1.039641172194955E-01  5.041751439561147E-04 -7.076073792252614E-02 -6.067287703524563E-02  9.689610238857488E-02
 4.538221573566179E-01  7.538329939864381E-02  3.178631209414743E-01  4.873192296379854E-01 -4.759920690671582E-02  1.389304617497956E+00
 4.577594477215081E-01  1.146881414096524E-06  4.154761925598766E-01 -6.878507570926541E-02 -4.558155703065453E-03  1.778237980766541E-01
 4.898103485635191E-01  1.221340914413779E-01  1.777483200572960E-03  1.078583307870908E+00 -3.222595735717223E-01 -2.842466388646385E-01
 4.213864762679831E-01  1.712510892754142E-01  1.047499491705130E-01 -1.400541673960332E-01 -8.206064477392501E-01 -7.793530730958254E-01
 4.851866805034208E-01  3.540731861593677E-02  3.174252047856819E-01 -2.423229742952694E-01 -1.464711584149953E+00  4.856251219857982E-01
 3.626603825984868E-01  2.704564690017097E-07  1.281241565773709E-07 -4.599404048393699E-03 -3.128623860062840E-03  3.001241649478377E-03
 3.841130752277186E-01  2.377947577496619E-05  4.254870356633319E-02 -6.619527824058372E-02  1.412418839848408E-02  3.601814330098648E-02
 3.758720382262726E-01  1.108399023430760E-04  9.159818260552581E-02  8.316936301267114E-02 -1.208266565398163E-01 -3.535549982281196E-01
 3.806718217405053E-01  3.406161936415614E-07  1.323994097752650E-01  5.904723289301821E-02 -5.414968383068608E-03  1.752376492882880E-02
 3.961954873288713E-01  2.835894101127030E-07  1.730701390535986E-01 -2.884250493158655E-02  6.816474586550440E-03  3.431410895025348E-02
 4.033182862828416E-01  1.820099295705273E-04  2.179531101343407E-01  2.559174263656360E-01 -5.333995350550021E-01 -2.116766958276048E-01
 3.915286692389473E-01  5.237127735441935E-07  2.925563640567878E-01  2.484210449786397E-02  1.724690923703858E-02 -1.606872904311716E-02
 3.841719195544452E-01  1.317500815106369E-03  3.355287126149964E-01 -1.532906536762689E-01 -3.020617449891099E-01 -4.446740900029261E-02
 4.187674269673508E-01  8.334063275710240E-03  4.184904939044294E-01  5.821215928019063E-01  3.810062876650160E-02 -2.603146235278539E-02
 3.450397704019385E-01  3.970271130614059E-05  4.389064131229755E-01 -1.456283794330464E-01  9.435825194818631E-02  2.777188889222357E-01
 3.867065763238989E-01  4.414976704651084E-02  3.812992588393113E-03  3.894660631846850E-02 -8.669249956375097E-02  3.038772050747826E-01
 4.404576485384581E-01  4.205152581682239E-02  3.042086184817767E-04  3.805735684366435E-01 -1.153381485762593E-01  1.824510026802783E-01
 4.718622855543031E-01  8.269583099958482E-02  7.006009394005119E-02 -1.501492173491654E-01 -1.620560306870484E-01  1.146061713577039E-01
 4.000787120748143E-01  1.191439479491100E-07  2.437888895615582E-08 -3.028739716170976E-02  2.747449849076232E-03 -2.853499618447772E-04
 4.238191454507691E-01  3.691010684699488E-04  4.370518717942694E-02 -7.892874264322707E-02 -2.026084056792142E-01  1.645024977848559E-01
 4.262562216408975E-01  2.150539451304614E-03  8.490956169534446E-02  4.992590968098398E-02 -2.013717033245465E-01 -3.350243919025264E-01
 4.347136015675664E-01  3.767025623694129E-04  1.286064751136938E-01  1.323264909833611E-02 -4.920089627118516E-01  6.449549791002359E-01
 4.326202320783841E-01  1.982122833613953E-02  1.888888333127925E-01  5.288044331175256E-01  2.745147780024943E-01 -3.663091337265976E-01
 4.535862744478126E-01  9.759158728160920E-04  2.165511656434877E-01 -6.680597103051125E-01  5.258678738942540E-02  3.317339987917309E-01
 4.243546757056578E-01  3.553722921431347E-06  3.152026956337292E-01  4.922432863390630E-02 -4.593202463374285E-02  2.385339124356632E-01
 4.285442836244085E-01  1.786686027470609E-04  3.636991415563650E-01  5.723662668009162E-02 -3.489651191596357E-01  2.560242269407588E-01
 4.840301304338744E-01  2.296729529584919E-03  4.618902861162643E-01  1.812004118010179E-01 -3.882144643681715E-01 -1.229309724678758E-01
 4.369419989178875E-01  1.958878783848164E-07  9.528961140461170E-08 -1.657948632995961E-02  5.958677147748764E-03  2.485685309477388E-03
 4.569392746586985E-01  3.833828249786643E-03  6.130171530742218E-02 -4.855708789100285E-01  3.077092667533814E-01 -2.442469243579935E-01
 4.982069621617904E-01  1.523042112875866E-03  1.767902937618159E-01  1.059760665714095E+00 -6.364986208818113E-02 -8.403776674039365E-02
 4.719617218714790E-01  1.602170130179835E-03  2.495541900326592E-01  9.281049234347405E-02  1.320932544686924E-01 -1.043177069517755E-01
 4.745367610077383E-01  1.616926107890521E-07  5.713697923286339E-09 -1.366224309888273E-02  3.768407155237606E-03 -6.757214707407220E-05
 1.711927243523464E-01  1.838406803495738E-01  2.036703278675316E-01  1.407447825102449E-01 -4.280841829197620E-01  3.910289853345105E-01
 2.062737810453046E-01  1.898541830823832E-01  1.933437003423613E-01  2.885014972791085E-01 -3.849956883239896E-01  6.078100706036209E-01
 2.642242609857999E-01  1.294021002287999E-01  3.734324975647511E-01  9.839322964541453E-01 -1.259989970356006E-01  3.869544161270677E-01
 8.683080497277483E-02  1.730624164642801E-01  3.519005971529544E-01  1.908244603703713E-01 -2.021389539679184E-01  2.884430007342850E-01
 2.681135057665369E-01  1.626236421708875E-01  2.098647192716236E-01  1.097900502546921E+00 -4.214010210100713E-02  3.832876547456680E-01
 4.744159630737757E-01  1.679807249252661E-01  3.027749197604614E-01  6.081822031316015E-01 -2.995335522972710E-01  3.740242842772408E-01
 4.691257111536501E-01  1.095812813734938E-01  2.162347353046806E-01  1.252960698752508E+00 -6.236031354150813E-01  8.986948156254473E-01
 3.150539178391065E-09  4.123452302452289E-07  4.720308248687123E-01  9.893937385497257E-05  1.051352216836092E-02  2.557915956810370E-03
 4.635336354836374E-01  1.126011837531884E-01  3.258452221042317E-01  9.557128574387567E-01 -1.265927384873407E+00  9.350880825155689E-01
 2.407581701741625E-01  1.365812533857624E-01  2.697205399201921E-01  1.766622831016798E-01 -6.210381629690265E-01  3.334189700116202E-01
 3.450290608571430E-01  1.609707121433360E-01  1.816921667421846E-01  6.565636604940190E-01  3.197164631902434E-03  2.466594054584109E-01
 2.994609102673327E-01  1.394583399414550E-01  3.993016215960077E-01  2.897623041068361E-01 -1.321824426842582E-01 -6.990291860054821E-01
 3.698968717579340E-01  1.809354301640479E-01  4.651459855205821E-01  6.103816878147045E-01 -5.210877669291675E-01  6.160350380821344E-01
 4.222687939764379E-01  1.363467687054757E-01  3.241153168264460E-01  1.571099835403862E+00 -4.005649056125725E-01  4.549435901245228E-01
 2.567137145254960E-01  1.243577726633708E-01  4.256514972891747E-01  1.087081169465088E+00 -1.906087040719629E-01  3.202416971495159E-01
 3.234988768227191E-01  1.559190530547661E-01  4.291887940436839E-01  7.090980773743157E-01 -3.407357267592230E-01  6.104825690389497E-01
 4.170285573440108E-01  1.221773960966430E-01  2.031761461665651E-01  3.763267256185920E-01 -4.430453457757801E-01  6.819542446426177E-01
 3.637331890194103E-01  1.448867110894018E-01  3.666332102018172E-01  1.255737152791304E+00 -1.809088137510898E-01  4.351310595757222E-01
 3.003053513740068E-01  3.928839574352758E-02  4.509263770984258E-01 -5.977520436229535E-01 -7.983260573184676E-01 -3.478864185935330E-01
 3.832985171746980E-01  1.095410719912094E-01  3.623735974883141E-01 -3.543644466800682E-01  2.249353274776971E-01  9.236199038686744E-01
 2.101143387134588E-01  1.789493232554895E-01  2.746682659913329E-01  4.397821840770701E-01 -5.956926288498317E-01  6.113446870614466E-01
 1.847541587582329E-01  8.205558099984314E-02  4.333706563470152E-01  9.143680732615912E-01  5.010578141172028E-03  5.346668874537476E-01
 4.546931846617691E-01  1.582929017608149E-01  9.176578052247250E-02  3.061881710453037E-01 -1.177624224488536E-01  8.693871281758444E-01
 3.823552595429401E-01  4.319425555463041E-02  4.993832243954520E-01  1.889910285456292E-01  3.902753821169216E-01  1.389285103620600E+00
 4.093075835202614E-01  1.873376611479262E-01  4.790200251680128E-01  5.561845666621187E-01 -1.811879445267572E+00 -4.357173712699341E-01
 6.993944834046969E-03  4.280075740788245E-02  4.968631125745715E-01  9.454851434182963E-01 -1.345187007002887E-01 -3.691767856608090E-02
 4.606356432536606E-01  1.584499501475770E-01  1.575719341426306E-01 -3.259084800184519E-01 -1.107337906107767E+00  1.051289273509699E+00
 8.900531679955720E-02  1.068371722593485E-01  4.846731922522570E-01  3.341106910338356E-01 -2.833693467259624E-01  8.270235861652785E-02
 4.757544340663930E-01  7.284583487615492E-02  2.285028065072863E-01 -3.749519844275027E-01 -6.567960166555455E-01  5.005784054342977E-01
 4.831623886486108E-01  3.500957374781474E-02  1.981452161733365E-01 -9.867040784163925E-01  1.981173714115611E-01  1.727600373192695E+00
 4.948595843994954E-01  6.817947495583392E-04  2.188945513976913E-01  8.527538599068331E-01 -8.394231401761924E-02  2.616499184360458E-01
 3.475457586208575E-02  8.966156195290734E-02  4.995630358548516E-01  6.598158458635403E-01 -8.332938850680947E-01  2.783841681227242E-01
 4.956642174033828E-01  3.637982425215901E-03  2.929938482252967E-01 -4.146062329392742E-01 -2.119943287511136E-01 -8.104700052705978E-01
 8.667040825891341E-02  7.323659080204376E-02  4.990772431727277E-01 -1.112425535328442E-01  4.064365528545545E-01  3.825782361606468E-01
 3.456336218830636E-01  7.006171717467716E-04  4.997309235511672E-01 -1.266928747115366E-01  4.031651309318187E-01  2.337652390349982E-02
 1.921578432510944E-01  5.042633816007303E-02  4.999159548460795E-01 -9.387675760116372E-02  1.415411985921573E-01 -3.366120821756823E-02
 4.999627578617484E-01  6.673855633486557E-02  3.375256972810747E-01 -4.121856898159438E-01 -1.466973918523814E+00  6.832591738999078E-01
