2197
1728
0.05
1.0
0.0001
0.05
2
2
2
1.0
0.0 0.0 0.0 0.0 0.0 0.0
0.0 0.0 0.0416666666667 0.0 0.0 0.0
0.0 0.0 0.0833333333333 0.0 0.0 0.0
0.0 0.0 0.125 0.0 0.0 0.0
0.0 0.0 0.166666666667 0.0 0.0 0.0
0.0 0.0 0.208333333333 0.0 0.0 0.0
0.0 0.0 0.25 0.0 0.0 0.0
0.0 0.0 0.291666666667 0.0 0.0 0.0
0.0 0.0 0.333333333333 0.0 0.0 0.0
0.0 0.0 0.375 0.0 0.0 0.0
0.0 0.0 0.416666666667 0.0 0.0 0.0
0.0 0.0 0.458333333333 0.0 0.0 0.0
0.0 0.0416666666667 0.0 0.0 0.0 0.0
0.0 0.0416666666667 0.0416666666667 0.0 0.0 0.0
0.0 0.0416666666667 0.0833333333333 0.0 0.0 0.0
0.0 0.0416666666667 0.125 0.0 0.0 0.0
0.0 0.0416666666667 0.166666666667 0.0 0.0 0.0
0.0 0.0416666666667 0.208333333333 0.0 0.0 0.0
0.0 0.0416666666667 0.25 0.0 0.0 0.0
0.0 0.0416666666667 0.291666666667 0.0 0.0 0.0
0.0 0.0416666666667 0.333333333333 0.0 0.0 0.0
0.0 0.0416666666667 0.375 0.0 0.0 0.0
0.0 0.0416666666667 0.416666666667 0.0 0.0 0.0
0.0 0.0416666666667 0.458333333333 0.0 0.0 0.0
0.0 0.0833333333333 0.0 0.0 0.0 0.0
0.0 0.0833333333333 0.0416666666667 0.0 0.0 0.0
0.0 0.0833333333333 0.0833333333333 0.0 0.0 0.0
0.0 0.0833333333333 0.125 0.0 0.0 0.0
0.0 0.0833333333333 0.166666666667 0.0 0.0 0.0
0.0 0.0833333333333 0.208333333333 0.0 0.0 0.0
0.0 0.0833333333333 0.25 0.0 0.0 0.0
0.0 0.0833333333333 0.291666666667 0.0 0.0 0.0
0.0 0.0833333333333 0.333333333333 0.0 0.0 0.0
0.0 0.0833333333333 0.375 0.0 0.0 0.0
0.0 0.0833333333333 0.416666666667 0.0 0.0 0.0
0.0 0.0833333333333 0.458333333333 0.0 0.0 0.0
0.0 0.125 0.0 0.0 0.0 0.0
0.0 0.125 0.0416666666667 0.0 0.0 0.0
0.0 0.125 0.0833333333333 0.0 0.0 0.0
0.0 0.125 0.125 0.0 0.0 0.0
0.0 0.125 0.166666666667 0.0 0.0 0.0
0.0 0.125 0.208333333333 0.0 0.0 0.0
0.0 0.125 0.25 0.0 0.0 0.0
0.0 0.125 0.291666666667 0.0 0.0 0.0
0.0 0.125 0.333333333333 0.0 0.0 0.0
0.0 0.125 0.375 0.0 0.0 0.0
0.0 0.125 0.416666666667 0.0 0.0 0.0
0.0 0.125 0.458333333333 0.0 0.0 0.0
0.0 0.166666666667 0.0 0.0 0.0 0.0
0.0 0.166666666667 0.0416666666667 0.0 0.0 0.0
0.0 0.166666666667 0.0833333333333 0.0 0.0 0.0
0.0 0.166666666667 0.125 0.0 0.0 0.0
0.0 0.166666666667 0.166666666667 0.0 0.0 0.0
0.0 0.166666666667 0.208333333333 0.0 0.0 0.0
0.0 0.166666666667 0.25 0.0 0.0 0.0
0.0 0.166666666667 0.291666666667 0.0 0.0 0.0
0.0 0.166666666667 0.333333333333 0.0 0.0 0.0
0.0 0.166666666667 0.375 0.0 0.0 0.0
0.0 0.166666666667 0.416666666667 0.0 0.0 0.0
0.0 0.166666666667 0.458333333333 0.0 0.0 0.0
0.0 0.208333333333 0.0 0.0 0.0 0.0
0.0 0.208333333333 0.0416666666667 0.0 0.0 0.0
0.0 0.208333333333 0.0833333333333 0.0 0.0 0.0
0.0 0.208333333333 0.125 0.0 0.0 0.0
0.0 0.208333333333 0.166666666667 0.0 0.0 0.0
0.0 0.208333333333 0.208333333333 0.0 0.0 0.0
0.0 0.208333333333 0.25 0.0 0.0 0.0
0.0 0.208333333333 0.291666666667 0.0 0.0 0.0
0.0 0.208333333333 0.333333333333 0.0 0.0 0.0
0.0 0.208333333333 0.375 0.0 0.0 0.0
0.0 0.208333333333 0.416666666667 0.0 0.0 0.0
0.0 0.208333333333 0.458333333333 0.0 0.0 0.0
0.0 0.25 0.0 0.0 0.0 0.0
0.0 0.25 0.0416666666667 0.0 0.0 0.0
0.0 0.25 0.0833333333333 0.0 0.0 0.0
0.0 0.25 0.125 0.0 0.0 0.0
0.0 0.25 0.166666666667 0.0 0.0 0.0
0.0 0.25 0.208333333333 0.0 0.0 0.0
0.0 0.25 0.25 0.0 0.0 0.0
0.0 0.25 0.291666666667 0.0 0.0 0.0
0.0 0.25 0.333333333333 0.0 0.0 0.0
0.0 0.25 0.375 0.0 0.0 0.0
0.0 0.25 0.416666666667 0.0 0.0 0.0
0.0 0.25 0.458333333333 0.0 0.0 0.0
0.0 0.291666666667 0.0 0.0 0.0 0.0
0.0 0.291666666667 0.0416666666667 0.0 0.0 0.0
0.0 0.291666666667 0.0833333333333 0.0 0.0 0.0
0.0 0.291666666667 0.125 0.0 0.0 0.0
0.0 0.291666666667 0.166666666667 0.0 0.0 0.0
0.0 0.291666666667 0.208333333333 0.0 0.0 0.0
0.0 0.291666666667 0.25 0.0 0.0 0.0
0.0 0.291666666667 0.291666666667 0.0 0.0 0.0
0.0 0.291666666667 0.333333333333 0.0 0.0 0.0
0.0 0.291666666667 0.375 0.0 0.0 0.0
0.0 0.291666666667 0.416666666667 0.0 0.0 0.0
0.0 0.291666666667 0.458333333333 0.0 0.0 0.0
0.0 0.333333333333 0.0 0.0 0.0 0.0
0.0 0.333333333333 0.0416666666667 0.0 0.0 0.0
0.0 0.333333333333 0.0833333333333 0.0 0.0 0.0
0.0 0.333333333333 0.125 0.0 0.0 0.0
0.0 0.333333333333 0.166666666667 0.0 0.0 0.0
0.0 0.333333333333 0.208333333333 0.0 0.0 0.0
0.0 0.333333333333 0.25 0.0 0.0 0.0
0.0 0.333333333333 0.291666666667 0.0 0.0 0.0
0.0 0.333333333333 0.333333333333 0.0 0.0 0.0
0.0 0.333333333333 0.375 0.0 0.0 0.0
0.0 0.333333333333 0.416666666667 0.0 0.0 0.0
0.0 0.333333333333 0.458333333333 0.0 0.0 0.0
0.0 0.375 0.0 0.0 0.0 0.0
0.0 0.375 0.0416666666667 0.0 0.0 0.0
0.0 0.375 0.0833333333333 0.0 0.0 0.0
0.0 0.375 0.125 0.0 0.0 0.0
0.0 0.375 0.166666666667 0.0 0.0 0.0
0.0 0.375 0.208333333333 0.0 0.0 0.0
0.0 0.375 0.25 0.0 0.0 0.0
0.0 0.375 0.291666666667 0.0 0.0 0.0
0.0 0.375 0.333333333333 0.0 0.0 0.0
0.0 0.375 0.375 0.0 0.0 0.0
0.0 0.375 0.416666666667 0.0 0.0 0.0
0.0 0.375 0.458333333333 0.0 0.0 0.0
0.0 0.416666666667 0.0 0.0 0.0 0.0
0.0 0.416666666667 0.0416666666667 0.0 0.0 0.0
0.0 0.416666666667 0.0833333333333 0.0 0.0 0.0
0.0 0.416666666667 0.125 0.0 0.0 0.0
0.0 0.416666666667 0.166666666667 0.0 0.0 0.0
0.0 0.416666666667 0.208333333333 0.0 0.0 0.0
0.0 0.416666666667 0.25 0.0 0.0 0.0
0.0 0.416666666667 0.291666666667 0.0 0.0 0.0
0.0 0.416666666667 0.333333333333 0.0 0.0 0.0
0.0 0.416666666667 0.375 0.0 0.0 0.0
0.0 0.416666666667 0.416666666667 0.0 0.0 0.0
0.0 0.416666666667 0.458333333333 0.0 0.0 0.0
0.0 0.458333333333 0.0 0.0 0.0 0.0
0.0 0.458333333333 0.0416666666667 0.0 0.0 0.0
0.0 0.458333333333 0.0833333333333 0.0 0.0 0.0
0.0 0.458333333333 0.125 0.0 0.0 0.0
0.0 0.458333333333 0.166666666667 0.0 0.0 0.0
0.0 0.458333333333 0.208333333333 0.0 0.0 0.0
0.0 0.458333333333 0.25 0.0 0.0 0.0
0.0 0.458333333333 0.291666666667 0.0 0.0 0.0
0.0 0.458333333333 0.333333333333 0.0 0.0 0.0
0.0 0.458333333333 0.375 0.0 0.0 0.0
0.0 0.458333333333 0.416666666667 0.0 0.0 0.0
0.0 0.458333333333 0.458333333333 0.0 0.0 0.0
0.0416666666667 0.0 0.0 0.0 0.0 0.0
0.0416666666667 0.0 0.0416666666667 0.0 0.0 0.0
0.0416666666667 0.0 0.0833333333333 0.0 0.0 0.0
0.0416666666667 0.0 0.125 0.0 0.0 0.0
0.0416666666667 0.0 0.166666666667 0.0 0.0 0.0
0.0416666666667 0.0 0.208333333333 0.0 0.0 0.0
0.0416666666667 0.0 0.25 0.0 0.0 0.0
0.0416666666667 0.0 0.291666666667 0.0 0.0 0.0
0.0416666666667 0.0 0.333333333333 0.0 0.0 0.0
0.0416666666667 0.0 0.375 0.0 0.0 0.0
0.0416666666667 0.0 0.416666666667 0.0 0.0 0.0
0.0416666666667 0.0 0.458333333333 0.0 0.0 0.0
0.0416666666667 0.0416666666667 0.0 0.0 0.0 0.0
0.0416666666667 0.0416666666667 0.0416666666667 0.0 0.0 0.0
0.0416666666667 0.0416666666667 0.0833333333333 0.0 0.0 0.0
0.0416666666667 0.0416666666667 0.125 0.0 0.0 0.0
0.0416666666667 0.0416666666667 0.166666666667 0.0 0.0 0.0
0.0416666666667 0.0416666666667 0.208333333333 0.0 0.0 0.0
0.0416666666667 0.0416666666667 0.25 0.0 0.0 0.0
0.0416666666667 0.0416666666667 0.291666666667 0.0 0.0 0.0
0.0416666666667 0.0416666666667 0.333333333333 0.0 0.0 0.0
0.0416666666667 0.0416666666667 0.375 0.0 0.0 0.0
0.0416666666667 0.0416666666667 0.416666666667 0.0 0.0 0.0
0.0416666666667 0.0416666666667 0.458333333333 0.0 0.0 0.0
0.0416666666667 0.0833333333333 0.0 0.0 0.0 0.0
0.0416666666667 0.0833333333333 0.0416666666667 0.0 0.0 0.0
0.0416666666667 0.0833333333333 0.0833333333333 0.0 0.0 0.0
0.0416666666667 0.0833333333333 0.125 0.0 0.0 0.0
0.0416666666667 0.0833333333333 0.166666666667 0.0 0.0 0.0
0.0416666666667 0.0833333333333 0.208333333333 0.0 0.0 0.0
0.0416666666667 0.0833333333333 0.25 0.0 0.0 0.0
0.0416666666667 0.0833333333333 0.291666666667 0.0 0.0 0.0
0.0416666666667 0.0833333333333 0.333333333333 0.0 0.0 0.0
0.0416666666667 0.0833333333333 0.375 0.0 0.0 0.0
0.0416666666667 0.0833333333333 0.416666666667 0.0 0.0 0.0
0.0416666666667 0.0833333333333 0.458333333333 0.0 0.0 0.0
0.0416666666667 0.125 0.0 0.0 0.0 0.0
0.0416666666667 0.125 0.0416666666667 0.0 0.0 0.0
0.0416666666667 0.125 0.0833333333333 0.0 0.0 0.0
0.0416666666667 0.125 0.125 0.0 0.0 0.0
0.0416666666667 0.125 0.166666666667 0.0 0.0 0.0
0.0416666666667 0.125 0.208333333333 0.0 0.0 0.0
0.0416666666667 0.125 0.25 0.0 0.0 0.0
0.0416666666667 0.125 0.291666666667 0.0 0.0 0.0
0.0416666666667 0.125 0.333333333333 0.0 0.0 0.0
0.0416666666667 0.125 0.375 0.0 0.0 0.0
0.0416666666667 0.125 0.416666666667 0.0 0.0 0.0
0.0416666666667 0.125 0.458333333333 0.0 0.0 0.0
0.0416666666667 0.166666666667 0.0 0.0 0.0 0.0
0.0416666666667 0.166666666667 0.0416666666667 0.0 0.0 0.0
0.0416666666667 0.166666666667 0.0833333333333 0.0 0.0 0.0
0.0416666666667 0.166666666667 0.125 0.0 0.0 0.0
0.0416666666667 0.166666666667 0.166666666667 0.0 0.0 0.0
0.0416666666667 0.166666666667 0.208333333333 0.0 0.0 0.0
0.0416666666667 0.166666666667 0.25 0.0 0.0 0.0
0.0416666666667 0.166666666667 0.291666666667 0.0 0.0 0.0
0.0416666666667 0.166666666667 0.333333333333 0.0 0.0 0.0
0.0416666666667 0.166666666667 0.375 0.0 0.0 0.0
0.0416666666667 0.166666666667 0.416666666667 0.0 0.0 0.0
0.0416666666667 0.166666666667 0.458333333333 0.0 0.0 0.0
0.0416666666667 0.208333333333 0.0 0.0 0.0 0.0
0.0416666666667 0.208333333333 0.0416666666667 0.0 0.0 0.0
0.0416666666667 0.208333333333 0.0833333333333 0.0 0.0 0.0
0.0416666666667 0.208333333333 0.125 0.0 0.0 0.0
0.0416666666667 0.208333333333 0.166666666667 0.0 0.0 0.0
0.0416666666667 0.208333333333 0.208333333333 0.0 0.0 0.0
0.0416666666667 0.208333333333 0.25 0.0 0.0 0.0
0.0416666666667 0.208333333333 0.291666666667 0.0 0.0 0.0
0.0416666666667 0.208333333333 0.333333333333 0.0 0.0 0.0
0.0416666666667 0.208333333333 0.375 0.0 0.0 0.0
0.0416666666667 0.208333333333 0.416666666667 0.0 0.0 0.0
0.0416666666667 0.208333333333 0.458333333333 0.0 0.0 0.0
0.0416666666667 0.25 0.0 0.0 0.0 0.0
0.0416666666667 0.25 0.0416666666667 0.0 0.0 0.0
0.0416666666667 0.25 0.0833333333333 0.0 0.0 0.0
0.0416666666667 0.25 0.125 0.0 0.0 0.0
0.0416666666667 0.25 0.166666666667 0.0 0.0 0.0
0.0416666666667 0.25 0.208333333333 0.0 0.0 0.0
0.0416666666667 0.25 0.25 0.0 0.0 0.0
0.0416666666667 0.25 0.291666666667 0.0 0.0 0.0
0.0416666666667 0.25 0.333333333333 0.0 0.0 0.0
0.0416666666667 0.25 0.375 0.0 0.0 0.0
0.0416666666667 0.25 0.416666666667 0.0 0.0 0.0
0.0416666666667 0.25 0.458333333333 0.0 0.0 0.0
0.0416666666667 0.291666666667 0.0 0.0 0.0 0.0
0.0416666666667 0.291666666667 0.0416666666667 0.0 0.0 0.0
0.0416666666667 0.291666666667 0.0833333333333 0.0 0.0 0.0
0.0416666666667 0.291666666667 0.125 0.0 0.0 0.0
0.0416666666667 0.291666666667 0.166666666667 0.0 0.0 0.0
0.0416666666667 0.291666666667 0.208333333333 0.0 0.0 0.0
0.0416666666667 0.291666666667 0.25 0.0 0.0 0.0
0.0416666666667 0.291666666667 0.291666666667 0.0 0.0 0.0
0.0416666666667 0.291666666667 0.333333333333 0.0 0.0 0.0
0.0416666666667 0.291666666667 0.375 0.0 0.0 0.0
0.0416666666667 0.291666666667 0.416666666667 0.0 0.0 0.0
0.0416666666667 0.291666666667 0.458333333333 0.0 0.0 0.0
0.0416666666667 0.333333333333 0.0 0.0 0.0 0.0
0.0416666666667 0.333333333333 0.0416666666667 0.0 0.0 0.0
0.0416666666667 0.333333333333 0.0833333333333 0.0 0.0 0.0
0.0416666666667 0.333333333333 0.125 0.0 0.0 0.0
0.0416666666667 0.333333333333 0.166666666667 0.0 0.0 0.0
0.0416666666667 0.333333333333 0.208333333333 0.0 0.0 0.0
0.0416666666667 0.333333333333 0.25 0.0 0.0 0.0
0.0416666666667 0.333333333333 0.291666666667 0.0 0.0 0.0
0.0416666666667 0.333333333333 0.333333333333 0.0 0.0 0.0
0.0416666666667 0.333333333333 0.375 0.0 0.0 0.0
0.0416666666667 0.333333333333 0.416666666667 0.0 0.0 0.0
0.0416666666667 0.333333333333 0.458333333333 0.0 0.0 0.0
0.0416666666667 0.375 0.0 0.0 0.0 0.0
0.0416666666667 0.375 0.0416666666667 0.0 0.0 0.0
0.0416666666667 0.375 0.0833333333333 0.0 0.0 0.0
0.0416666666667 0.375 0.125 0.0 0.0 0.0
0.0416666666667 0.375 0.166666666667 0.0 0.0 0.0
0.0416666666667 0.375 0.208333333333 0.0 0.0 0.0
0.0416666666667 0.375 0.25 0.0 0.0 0.0
0.0416666666667 0.375 0.291666666667 0.0 0.0 0.0
0.0416666666667 0.375 0.333333333333 0.0 0.0 0.0
0.0416666666667 0.375 0.375 0.0 0.0 0.0
0.0416666666667 0.375 0.416666666667 0.0 0.0 0.0
0.0416666666667 0.375 0.458333333333 0.0 0.0 0.0
0.0416666666667 0.416666666667 0.0 0.0 0.0 0.0
0.0416666666667 0.416666666667 0.0416666666667 0.0 0.0 0.0
0.0416666666667 0.416666666667 0.0833333333333 0.0 0.0 0.0
0.0416666666667 0.416666666667 0.125 0.0 0.0 0.0
0.0416666666667 0.416666666667 0.166666666667 0.0 0.0 0.0
0.0416666666667 0.416666666667 0.208333333333 0.0 0.0 0.0
0.0416666666667 0.416666666667 0.25 0.0 0.0 0.0
0.0416666666667 0.416666666667 0.291666666667 0.0 0.0 0.0
0.0416666666667 0.416666666667 0.333333333333 0.0 0.0 0.0
0.0416666666667 0.416666666667 0.375 0.0 0.0 0.0
0.0416666666667 0.416666666667 0.416666666667 0.0 0.0 0.0
0.0416666666667 0.416666666667 0.458333333333 0.0 0.0 0.0
0.0416666666667 0.458333333333 0.0 0.0 0.0 0.0
0.0416666666667 0.458333333333 0.0416666666667 0.0 0.0 0.0
0.0416666666667 0.458333333333 0.0833333333333 0.0 0.0 0.0
0.0416666666667 0.458333333333 0.125 0.0 0.0 0.0
0.0416666666667 0.458333333333 0.166666666667 0.0 0.0 0.0
0.0416666666667 0.458333333333 0.208333333333 0.0 0.0 0.0
0.0416666666667 0.458333333333 0.25 0.0 0.0 0.0
0.0416666666667 0.458333333333 0.291666666667 0.0 0.0 0.0
0.0416666666667 0.458333333333 0.333333333333 0.0 0.0 0.0
0.0416666666667 0.458333333333 0.375 0.0 0.0 0.0
0.0416666666667 0.458333333333 0.416666666667 0.0 0.0 0.0
0.0416666666667 0.458333333333 0.458333333333 0.0 0.0 0.0
0.0833333333333 0.0 0.0 0.0 0.0 0.0
0.0833333333333 0.0 0.0416666666667 0.0 0.0 0.0
0.0833333333333 0.0 0.0833333333333 0.0 0.0 0.0
0.0833333333333 0.0 0.125 0.0 0.0 0.0
0.0833333333333 0.0 0.166666666667 0.0 0.0 0.0
0.0833333333333 0.0 0.208333333333 0.0 0.0 0.0
0.0833333333333 0.0 0.25 0.0 0.0 0.0
0.0833333333333 0.0 0.291666666667 0.0 0.0 0.0
0.0833333333333 0.0 0.333333333333 0.0 0.0 0.0
0.0833333333333 0.0 0.375 0.0 0.0 0.0
0.0833333333333 0.0 0.416666666667 0.0 0.0 0.0
0.0833333333333 0.0 0.458333333333 0.0 0.0 0.0
0.0833333333333 0.0416666666667 0.0 0.0 0.0 0.0
0.0833333333333 0.0416666666667 0.0416666666667 0.0 0.0 0.0
0.0833333333333 0.0416666666667 0.0833333333333 0.0 0.0 0.0
0.0833333333333 0.0416666666667 0.125 0.0 0.0 0.0
0.0833333333333 0.0416666666667 0.166666666667 0.0 0.0 0.0
0.0833333333333 0.0416666666667 0.208333333333 0.0 0.0 0.0
0.0833333333333 0.0416666666667 0.25 0.0 0.0 0.0
0.0833333333333 0.0416666666667 0.291666666667 0.0 0.0 0.0
0.0833333333333 0.0416666666667 0.333333333333 0.0 0.0 0.0
0.0833333333333 0.0416666666667 0.375 0.0 0.0 0.0
0.0833333333333 0.0416666666667 0.416666666667 0.0 0.0 0.0
0.0833333333333 0.0416666666667 0.458333333333 0.0 0.0 0.0
0.0833333333333 0.0833333333333 0.0 0.0 0.0 0.0
0.0833333333333 0.0833333333333 0.0416666666667 0.0 0.0 0.0
0.0833333333333 0.0833333333333 0.0833333333333 0.0 0.0 0.0
0.0833333333333 0.0833333333333 0.125 0.0 0.0 0.0
0.0833333333333 0.0833333333333 0.166666666667 0.0 0.0 0.0
0.0833333333333 0.0833333333333 0.208333333333 0.0 0.0 0.0
0.0833333333333 0.0833333333333 0.25 0.0 0.0 0.0
0.0833333333333 0.0833333333333 0.291666666667 0.0 0.0 0.0
0.0833333333333 0.0833333333333 0.333333333333 0.0 0.0 0.0
0.0833333333333 0.0833333333333 0.375 0.0 0.0 0.0
0.0833333333333 0.0833333333333 0.416666666667 0.0 0.0 0.0
0.0833333333333 0.0833333333333 0.458333333333 0.0 0.0 0.0
0.0833333333333 0.125 0.0 0.0 0.0 0.0
0.0833333333333 0.125 0.0416666666667 0.0 0.0 0.0
0.0833333333333 0.125 0.0833333333333 0.0 0.0 0.0
0.0833333333333 0.125 0.125 0.0 0.0 0.0
0.0833333333333 0.125 0.166666666667 0.0 0.0 0.0
0.0833333333333 0.125 0.208333333333 0.0 0.0 0.0
0.0833333333333 0.125 0.25 0.0 0.0 0.0
0.0833333333333 0.125 0.291666666667 0.0 0.0 0.0
0.0833333333333 0.125 0.333333333333 0.0 0.0 0.0
0.0833333333333 0.125 0.375 0.0 0.0 0.0
0.0833333333333 0.125 0.416666666667 0.0 0.0 0.0
0.0833333333333 0.125 0.458333333333 0.0 0.0 0.0
0.0833333333333 0.166666666667 0.0 0.0 0.0 0.0
0.0833333333333 0.166666666667 0.0416666666667 0.0 0.0 0.0
0.0833333333333 0.166666666667 0.0833333333333 0.0 0.0 0.0
0.0833333333333 0.166666666667 0.125 0.0 0.0 0.0
0.0833333333333 0.166666666667 0.166666666667 0.0 0.0 0.0
0.0833333333333 0.166666666667 0.208333333333 0.0 0.0 0.0
0.0833333333333 0.166666666667 0.25 0.0 0.0 0.0
0.0833333333333 0.166666666667 0.291666666667 0.0 0.0 0.0
0.0833333333333 0.166666666667 0.333333333333 0.0 0.0 0.0
0.0833333333333 0.166666666667 0.375 0.0 0.0 0.0
0.0833333333333 0.166666666667 0.416666666667 0.0 0.0 0.0
0.0833333333333 0.166666666667 0.458333333333 0.0 0.0 0.0
0.0833333333333 0.208333333333 0.0 0.0 0.0 0.0
0.0833333333333 0.208333333333 0.0416666666667 0.0 0.0 0.0
0.0833333333333 0.208333333333 0.0833333333333 0.0 0.0 0.0
0.0833333333333 0.208333333333 0.125 0.0 0.0 0.0
0.0833333333333 0.208333333333 0.166666666667 0.0 0.0 0.0
0.0833333333333 0.208333333333 0.208333333333 0.0 0.0 0.0
0.0833333333333 0.208333333333 0.25 0.0 0.0 0.0
0.0833333333333 0.208333333333 0.291666666667 0.0 0.0 0.0
0.0833333333333 0.208333333333 0.333333333333 0.0 0.0 0.0
0.0833333333333 0.208333333333 0.375 0.0 0.0 0.0
0.0833333333333 0.208333333333 0.416666666667 0.0 0.0 0.0
0.0833333333333 0.208333333333 0.458333333333 0.0 0.0 0.0
0.0833333333333 0.25 0.0 0.0 0.0 0.0
0.0833333333333 0.25 0.0416666666667 0.0 0.0 0.0
0.0833333333333 0.25 0.0833333333333 0.0 0.0 0.0
0.0833333333333 0.25 0.125 0.0 0.0 0.0
0.0833333333333 0.25 0.166666666667 0.0 0.0 0.0
0.0833333333333 0.25 0.208333333333 0.0 0.0 0.0
0.0833333333333 0.25 0.25 0.0 0.0 0.0
0.0833333333333 0.25 0.291666666667 0.0 0.0 0.0
0.0833333333333 0.25 0.333333333333 0.0 0.0 0.0
0.0833333333333 0.25 0.375 0.0 0.0 0.0
0.0833333333333 0.25 0.416666666667 0.0 0.0 0.0
0.0833333333333 0.25 0.458333333333 0.0 0.0 0.0
0.0833333333333 0.291666666667 0.0 0.0 0.0 0.0
0.0833333333333 0.291666666667 0.0416666666667 0.0 0.0 0.0
0.0833333333333 0.291666666667 0.0833333333333 0.0 0.0 0.0
0.0833333333333 0.291666666667 0.125 0.0 0.0 0.0
0.0833333333333 0.291666666667 0.166666666667 0.0 0.0 0.0
0.0833333333333 0.291666666667 0.208333333333 0.0 0.0 0.0
0.0833333333333 0.291666666667 0.25 0.0 0.0 0.0
0.0833333333333 0.291666666667 0.291666666667 0.0 0.0 0.0
0.0833333333333 0.291666666667 0.333333333333 0.0 0.0 0.0
0.0833333333333 0.291666666667 0.375 0.0 0.0 0.0
0.0833333333333 0.291666666667 0.416666666667 0.0 0.0 0.0
0.0833333333333 0.291666666667 0.458333333333 0.0 0.0 0.0
0.0833333333333 0.333333333333 0.0 0.0 0.0 0.0
0.0833333333333 0.333333333333 0.0416666666667 0.0 0.0 0.0
0.0833333333333 0.333333333333 0.0833333333333 0.0 0.0 0.0
0.0833333333333 0.333333333333 0.125 0.0 0.0 0.0
0.0833333333333 0.333333333333 0.166666666667 0.0 0.0 0.0
0.0833333333333 0.333333333333 0.208333333333 0.0 0.0 0.0
0.0833333333333 0.333333333333 0.25 0.0 0.0 0.0
0.0833333333333 0.333333333333 0.291666666667 0.0 0.0 0.0
0.0833333333333 0.333333333333 0.333333333333 0.0 0.0 0.0
0.0833333333333 0.333333333333 0.375 0.0 0.0 0.0
0.0833333333333 0.333333333333 0.416666666667 0.0 0.0 0.0
0.0833333333333 0.333333333333 0.458333333333 0.0 0.0 0.0
0.0833333333333 0.375 0.0 0.0 0.0 0.0
0.0833333333333 0.375 0.0416666666667 0.0 0.0 0.0
0.0833333333333 0.375 0.0833333333333 0.0 0.0 0.0
0.0833333333333 0.375 0.125 0.0 0.0 0.0
0.0833333333333 0.375 0.166666666667 0.0 0.0 0.0
0.0833333333333 0.375 0.208333333333 0.0 0.0 0.0
0.0833333333333 0.375 0.25 0.0 0.0 0.0
0.0833333333333 0.375 0.291666666667 0.0 0.0 0.0
0.0833333333333 0.375 0.333333333333 0.0 0.0 0.0
0.0833333333333 0.375 0.375 0.0 0.0 0.0
0.0833333333333 0.375 0.416666666667 0.0 0.0 0.0
0.0833333333333 0.375 0.458333333333 0.0 0.0 0.0
0.0833333333333 0.416666666667 0.0 0.0 0.0 0.0
0.0833333333333 0.416666666667 0.0416666666667 0.0 0.0 0.0
0.0833333333333 0.416666666667 0.0833333333333 0.0 0.0 0.0
0.0833333333333 0.416666666667 0.125 0.0 0.0 0.0
0.0833333333333 0.416666666667 0.166666666667 0.0 0.0 0.0
0.0833333333333 0.416666666667 0.208333333333 0.0 0.0 0.0
0.0833333333333 0.416666666667 0.25 0.0 0.0 0.0
0.0833333333333 0.416666666667 0.291666666667 0.0 0.0 0.0
0.0833333333333 0.416666666667 0.333333333333 0.0 0.0 0.0
0.0833333333333 0.416666666667 0.375 0.0 0.0 0.0
0.0833333333333 0.416666666667 0.416666666667 0.0 0.0 0.0
0.0833333333333 0.416666666667 0.458333333333 0.0 0.0 0.0
0.0833333333333 0.458333333333 0.0 0.0 0.0 0.0
0.0833333333333 0.458333333333 0.0416666666667 0.0 0.0 0.0
0.0833333333333 0.458333333333 0.0833333333333 0.0 0.0 0.0
0.0833333333333 0.458333333333 0.125 0.0 0.0 0.0
0.0833333333333 0.458333333333 0.166666666667 0.0 0.0 0.0
0.0833333333333 0.458333333333 0.208333333333 0.0 0.0 0.0
0.0833333333333 0.458333333333 0.25 0.0 0.0 0.0
0.0833333333333 0.458333333333 0.291666666667 0.0 0.0 0.0
0.0833333333333 0.458333333333 0.333333333333 0.0 0.0 0.0
0.0833333333333 0.458333333333 0.375 0.0 0.0 0.0
0.0833333333333 0.458333333333 0.416666666667 0.0 0.0 0.0
0.0833333333333 0.458333333333 0.458333333333 0.0 0.0 0.0
0.125 0.0 0.0 0.0 0.0 0.0
0.125 0.0 0.0416666666667 0.0 0.0 0.0
0.125 0.0 0.0833333333333 0.0 0.0 0.0
0.125 0.0 0.125 0.0 0.0 0.0
0.125 0.0 0.166666666667 0.0 0.0 0.0
0.125 0.0 0.208333333333 0.0 0.0 0.0
0.125 0.0 0.25 0.0 0.0 0.0
0.125 0.0 0.291666666667 0.0 0.0 0.0
0.125 0.0 0.333333333333 0.0 0.0 0.0
0.125 0.0 0.375 0.0 0.0 0.0
0.125 0.0 0.416666666667 0.0 0.0 0.0
0.125 0.0 0.458333333333 0.0 0.0 0.0
0.125 0.0416666666667 0.0 0.0 0.0 0.0
0.125 0.0416666666667 0.0416666666667 0.0 0.0 0.0
0.125 0.0416666666667 0.0833333333333 0.0 0.0 0.0
0.125 0.0416666666667 0.125 0.0 0.0 0.0
0.125 0.0416666666667 0.166666666667 0.0 0.0 0.0
0.125 0.0416666666667 0.208333333333 0.0 0.0 0.0
0.125 0.0416666666667 0.25 0.0 0.0 0.0
0.125 0.0416666666667 0.291666666667 0.0 0.0 0.0
0.125 0.0416666666667 0.333333333333 0.0 0.0 0.0
0.125 0.0416666666667 0.375 0.0 0.0 0.0
0.125 0.0416666666667 0.416666666667 0.0 0.0 0.0
0.125 0.0416666666667 0.458333333333 0.0 0.0 0.0
0.125 0.0833333333333 0.0 0.0 0.0 0.0
0.125 0.0833333333333 0.0416666666667 0.0 0.0 0.0
0.125 0.0833333333333 0.0833333333333 0.0 0.0 0.0
0.125 0.0833333333333 0.125 0.0 0.0 0.0
0.125 0.0833333333333 0.166666666667 0.0 0.0 0.0
0.125 0.0833333333333 0.208333333333 0.0 0.0 0.0
0.125 0.0833333333333 0.25 0.0 0.0 0.0
0.125 0.0833333333333 0.291666666667 0.0 0.0 0.0
0.125 0.0833333333333 0.333333333333 0.0 0.0 0.0
0.125 0.0833333333333 0.375 0.0 0.0 0.0
0.125 0.0833333333333 0.416666666667 0.0 0.0 0.0
0.125 0.0833333333333 0.458333333333 0.0 0.0 0.0
0.125 0.125 0.0 0.0 0.0 0.0
0.125 0.125 0.0416666666667 0.0 0.0 0.0
0.125 0.125 0.0833333333333 0.0 0.0 0.0
0.125 0.125 0.125 0.0 0.0 0.0
0.125 0.125 0.166666666667 0.0 0.0 0.0
0.125 0.125 0.208333333333 0.0 0.0 0.0
0.125 0.125 0.25 0.0 0.0 0.0
0.125 0.125 0.291666666667 0.0 0.0 0.0
0.125 0.125 0.333333333333 0.0 0.0 0.0
0.125 0.125 0.375 0.0 0.0 0.0
0.125 0.125 0.416666666667 0.0 0.0 0.0
0.125 0.125 0.458333333333 0.0 0.0 0.0
0.125 0.166666666667 0.0 0.0 0.0 0.0
0.125 0.166666666667 0.0416666666667 0.0 0.0 0.0
0.125 0.166666666667 0.0833333333333 0.0 0.0 0.0
0.125 0.166666666667 0.125 0.0 0.0 0.0
0.125 0.166666666667 0.166666666667 0.0 0.0 0.0
0.125 0.166666666667 0.208333333333 0.0 0.0 0.0
0.125 0.166666666667 0.25 0.0 0.0 0.0
0.125 0.166666666667 0.291666666667 0.0 0.0 0.0
0.125 0.166666666667 0.333333333333 0.0 0.0 0.0
0.125 0.166666666667 0.375 0.0 0.0 0.0
0.125 0.166666666667 0.416666666667 0.0 0.0 0.0
0.125 0.166666666667 0.458333333333 0.0 0.0 0.0
0.125 0.208333333333 0.0 0.0 0.0 0.0
0.125 0.208333333333 0.0416666666667 0.0 0.0 0.0
0.125 0.208333333333 0.0833333333333 0.0 0.0 0.0
0.125 0.208333333333 0.125 0.0 0.0 0.0
0.125 0.208333333333 0.166666666667 0.0 0.0 0.0
0.125 0.208333333333 0.208333333333 0.0 0.0 0.0
0.125 0.208333333333 0.25 0.0 0.0 0.0
0.125 0.208333333333 0.291666666667 0.0 0.0 0.0
0.125 0.208333333333 0.333333333333 0.0 0.0 0.0
0.125 0.208333333333 0.375 0.0 0.0 0.0
0.125 0.208333333333 0.416666666667 0.0 0.0 0.0
0.125 0.208333333333 0.458333333333 0.0 0.0 0.0
0.125 0.25 0.0 0.0 0.0 0.0
0.125 0.25 0.0416666666667 0.0 0.0 0.0
0.125 0.25 0.0833333333333 0.0 0.0 0.0
0.125 0.25 0.125 0.0 0.0 0.0
0.125 0.25 0.166666666667 0.0 0.0 0.0
0.125 0.25 0.208333333333 0.0 0.0 0.0
0.125 0.25 0.25 0.0 0.0 0.0
0.125 0.25 0.291666666667 0.0 0.0 0.0
0.125 0.25 0.333333333333 0.0 0.0 0.0
0.125 0.25 0.375 0.0 0.0 0.0
0.125 0.25 0.416666666667 0.0 0.0 0.0
0.125 0.25 0.458333333333 0.0 0.0 0.0
0.125 0.291666666667 0.0 0.0 0.0 0.0
0.125 0.291666666667 0.0416666666667 0.0 0.0 0.0
0.125 0.291666666667 0.0833333333333 0.0 0.0 0.0
0.125 0.291666666667 0.125 0.0 0.0 0.0
0.125 0.291666666667 0.166666666667 0.0 0.0 0.0
0.125 0.291666666667 0.208333333333 0.0 0.0 0.0
0.125 0.291666666667 0.25 0.0 0.0 0.0
0.125 0.291666666667 0.291666666667 0.0 0.0 0.0
0.125 0.291666666667 0.333333333333 0.0 0.0 0.0
0.125 0.291666666667 0.375 0.0 0.0 0.0
0.125 0.291666666667 0.416666666667 0.0 0.0 0.0
0.125 0.291666666667 0.458333333333 0.0 0.0 0.0
0.125 0.333333333333 0.0 0.0 0.0 0.0
0.125 0.333333333333 0.0416666666667 0.0 0.0 0.0
0.125 0.333333333333 0.0833333333333 0.0 0.0 0.0
0.125 0.333333333333 0.125 0.0 0.0 0.0
0.125 0.333333333333 0.166666666667 0.0 0.0 0.0
0.125 0.333333333333 0.208333333333 0.0 0.0 0.0
0.125 0.333333333333 0.25 0.0 0.0 0.0
0.125 0.333333333333 0.291666666667 0.0 0.0 0.0
0.125 0.333333333333 0.333333333333 0.0 0.0 0.0
0.125 0.333333333333 0.375 0.0 0.0 0.0
0.125 0.333333333333 0.416666666667 0.0 0.0 0.0
0.125 0.333333333333 0.458333333333 0.0 0.0 0.0
0.125 0.375 0.0 0.0 0.0 0.0
0.125 0.375 0.0416666666667 0.0 0.0 0.0
0.125 0.375 0.0833333333333 0.0 0.0 0.0
0.125 0.375 0.125 0.0 0.0 0.0
0.125 0.375 0.166666666667 0.0 0.0 0.0
0.125 0.375 0.208333333333 0.0 0.0 0.0
0.125 0.375 0.25 0.0 0.0 0.0
0.125 0.375 0.291666666667 0.0 0.0 0.0
0.125 0.375 0.333333333333 0.0 0.0 0.0
0.125 0.375 0.375 0.0 0.0 0.0
0.125 0.375 0.416666666667 0.0 0.0 0.0
0.125 0.375 0.458333333333 0.0 0.0 0.0
0.125 0.416666666667 0.0 0.0 0.0 0.0
0.125 0.416666666667 0.0416666666667 0.0 0.0 0.0
0.125 0.416666666667 0.0833333333333 0.0 0.0 0.0
0.125 0.416666666667 0.125 0.0 0.0 0.0
0.125 0.416666666667 0.166666666667 0.0 0.0 0.0
0.125 0.416666666667 0.208333333333 0.0 0.0 0.0
0.125 0.416666666667 0.25 0.0 0.0 0.0
0.125 0.416666666667 0.291666666667 0.0 0.0 0.0
0.125 0.416666666667 0.333333333333 0.0 0.0 0.0
0.125 0.416666666667 0.375 0.0 0.0 0.0
0.125 0.416666666667 0.416666666667 0.0 0.0 0.0
0.125 0.416666666667 0.458333333333 0.0 0.0 0.0
0.125 0.458333333333 0.0 0.0 0.0 0.0
0.125 0.458333333333 0.0416666666667 0.0 0.0 0.0
0.125 0.458333333333 0.0833333333333 0.0 0.0 0.0
0.125 0.458333333333 0.125 0.0 0.0 0.0
0.125 0.458333333333 0.166666666667 0.0 0.0 0.0
0.125 0.458333333333 0.208333333333 0.0 0.0 0.0
0.125 0.458333333333 0.25 0.0 0.0 0.0
0.125 0.458333333333 0.291666666667 0.0 0.0 0.0
0.125 0.458333333333 0.333333333333 0.0 0.0 0.0
0.125 0.458333333333 0.375 0.0 0.0 0.0
0.125 0.458333333333 0.416666666667 0.0 0.0 0.0
0.125 0.458333333333 0.458333333333 0.0 0.0 0.0
0.166666666667 0.0 0.0 0.0 0.0 0.0
0.166666666667 0.0 0.0416666666667 0.0 0.0 0.0
0.166666666667 0.0 0.0833333333333 0.0 0.0 0.0
0.166666666667 0.0 0.125 0.0 0.0 0.0
0.166666666667 0.0 0.166666666667 0.0 0.0 0.0
0.166666666667 0.0 0.208333333333 0.0 0.0 0.0
0.166666666667 0.0 0.25 0.0 0.0 0.0
0.166666666667 0.0 0.291666666667 0.0 0.0 0.0
0.166666666667 0.0 0.333333333333 0.0 0.0 0.0
0.166666666667 0.0 0.375 0.0 0.0 0.0
0.166666666667 0.0 0.416666666667 0.0 0.0 0.0
0.166666666667 0.0 0.458333333333 0.0 0.0 0.0
0.166666666667 0.0416666666667 0.0 0.0 0.0 0.0
0.166666666667 0.0416666666667 0.0416666666667 0.0 0.0 0.0
0.166666666667 0.0416666666667 0.0833333333333 0.0 0.0 0.0
0.166666666667 0.0416666666667 0.125 0.0 0.0 0.0
0.166666666667 0.0416666666667 0.166666666667 0.0 0.0 0.0
0.166666666667 0.0416666666667 0.208333333333 0.0 0.0 0.0
0.166666666667 0.0416666666667 0.25 0.0 0.0 0.0
0.166666666667 0.0416666666667 0.291666666667 0.0 0.0 0.0
0.166666666667 0.0416666666667 0.333333333333 0.0 0.0 0.0
0.166666666667 0.0416666666667 0.375 0.0 0.0 0.0
0.166666666667 0.0416666666667 0.416666666667 0.0 0.0 0.0
0.166666666667 0.0416666666667 0.458333333333 0.0 0.0 0.0
0.166666666667 0.0833333333333 0.0 0.0 0.0 0.0
0.166666666667 0.0833333333333 0.0416666666667 0.0 0.0 0.0
0.166666666667 0.0833333333333 0.0833333333333 0.0 0.0 0.0
0.166666666667 0.0833333333333 0.125 0.0 0.0 0.0
0.166666666667 0.0833333333333 0.166666666667 0.0 0.0 0.0
0.166666666667 0.0833333333333 0.208333333333 0.0 0.0 0.0
0.166666666667 0.0833333333333 0.25 0.0 0.0 0.0
0.166666666667 0.0833333333333 0.291666666667 0.0 0.0 0.0
0.166666666667 0.0833333333333 0.333333333333 0.0 0.0 0.0
0.166666666667 0.0833333333333 0.375 0.0 0.0 0.0
0.166666666667 0.0833333333333 0.416666666667 0.0 0.0 0.0
0.166666666667 0.0833333333333 0.458333333333 0.0 0.0 0.0
0.166666666667 0.125 0.0 0.0 0.0 0.0
0.166666666667 0.125 0.0416666666667 0.0 0.0 0.0
0.166666666667 0.125 0.0833333333333 0.0 0.0 0.0
0.166666666667 0.125 0.125 0.0 0.0 0.0
0.166666666667 0.125 0.166666666667 0.0 0.0 0.0
0.166666666667 0.125 0.208333333333 0.0 0.0 0.0
0.166666666667 0.125 0.25 0.0 0.0 0.0
0.166666666667 0.125 0.291666666667 0.0 0.0 0.0
0.166666666667 0.125 0.333333333333 0.0 0.0 0.0
0.166666666667 0.125 0.375 0.0 0.0 0.0
0.166666666667 0.125 0.416666666667 0.0 0.0 0.0
0.166666666667 0.125 0.458333333333 0.0 0.0 0.0
0.166666666667 0.166666666667 0.0 0.0 0.0 0.0
0.166666666667 0.166666666667 0.0416666666667 0.0 0.0 0.0
0.166666666667 0.166666666667 0.0833333333333 0.0 0.0 0.0
0.166666666667 0.166666666667 0.125 0.0 0.0 0.0
0.166666666667 0.166666666667 0.166666666667 0.0 0.0 0.0
0.166666666667 0.166666666667 0.208333333333 0.0 0.0 0.0
0.166666666667 0.166666666667 0.25 0.0 0.0 0.0
0.166666666667 0.166666666667 0.291666666667 0.0 0.0 0.0
0.166666666667 0.166666666667 0.333333333333 0.0 0.0 0.0
0.166666666667 0.166666666667 0.375 0.0 0.0 0.0
0.166666666667 0.166666666667 0.416666666667 0.0 0.0 0.0
0.166666666667 0.166666666667 0.458333333333 0.0 0.0 0.0
0.166666666667 0.208333333333 0.0 0.0 0.0 0.0
0.166666666667 0.208333333333 0.0416666666667 0.0 0.0 0.0
0.166666666667 0.208333333333 0.0833333333333 0.0 0.0 0.0
0.166666666667 0.208333333333 0.125 0.0 0.0 0.0
0.166666666667 0.208333333333 0.166666666667 0.0 0.0 0.0
0.166666666667 0.208333333333 0.208333333333 0.0 0.0 0.0
0.166666666667 0.208333333333 0.25 0.0 0.0 0.0
0.166666666667 0.208333333333 0.291666666667 0.0 0.0 0.0
0.166666666667 0.208333333333 0.333333333333 0.0 0.0 0.0
0.166666666667 0.208333333333 0.375 0.0 0.0 0.0
0.166666666667 0.208333333333 0.416666666667 0.0 0.0 0.0
0.166666666667 0.208333333333 0.458333333333 0.0 0.0 0.0
0.166666666667 0.25 0.0 0.0 0.0 0.0
0.166666666667 0.25 0.0416666666667 0.0 0.0 0.0
0.166666666667 0.25 0.0833333333333 0.0 0.0 0.0
0.166666666667 0.25 0.125 0.0 0.0 0.0
0.166666666667 0.25 0.166666666667 0.0 0.0 0.0
0.166666666667 0.25 0.208333333333 0.0 0.0 0.0
0.166666666667 0.25 0.25 0.0 0.0 0.0
0.166666666667 0.25 0.291666666667 0.0 0.0 0.0
0.166666666667 0.25 0.333333333333 0.0 0.0 0.0
0.166666666667 0.25 0.375 0.0 0.0 0.0
0.166666666667 0.25 0.416666666667 0.0 0.0 0.0
0.166666666667 0.25 0.458333333333 0.0 0.0 0.0
0.166666666667 0.291666666667 0.0 0.0 0.0 0.0
0.166666666667 0.291666666667 0.0416666666667 0.0 0.0 0.0
0.166666666667 0.291666666667 0.0833333333333 0.0 0.0 0.0
0.166666666667 0.291666666667 0.125 0.0 0.0 0.0
0.166666666667 0.291666666667 0.166666666667 0.0 0.0 0.0
0.166666666667 0.291666666667 0.208333333333 0.0 0.0 0.0
0.166666666667 0.291666666667 0.25 0.0 0.0 0.0
0.166666666667 0.291666666667 0.291666666667 0.0 0.0 0.0
0.166666666667 0.291666666667 0.333333333333 0.0 0.0 0.0
0.166666666667 0.291666666667 0.375 0.0 0.0 0.0
0.166666666667 0.291666666667 0.416666666667 0.0 0.0 0.0
0.166666666667 0.291666666667 0.458333333333 0.0 0.0 0.0
0.166666666667 0.333333333333 0.0 0.0 0.0 0.0
0.166666666667 0.333333333333 0.0416666666667 0.0 0.0 0.0
0.166666666667 0.333333333333 0.0833333333333 0.0 0.0 0.0
0.166666666667 0.333333333333 0.125 0.0 0.0 0.0
0.166666666667 0.333333333333 0.166666666667 0.0 0.0 0.0
0.166666666667 0.333333333333 0.208333333333 0.0 0.0 0.0
0.166666666667 0.333333333333 0.25 0.0 0.0 0.0
0.166666666667 0.333333333333 0.291666666667 0.0 0.0 0.0
0.166666666667 0.333333333333 0.333333333333 0.0 0.0 0.0
0.166666666667 0.333333333333 0.375 0.0 0.0 0.0
0.166666666667 0.333333333333 0.416666666667 0.0 0.0 0.0
0.166666666667 0.333333333333 0.458333333333 0.0 0.0 0.0
0.166666666667 0.375 0.0 0.0 0.0 0.0
0.166666666667 0.375 0.0416666666667 0.0 0.0 0.0
0.166666666667 0.375 0.0833333333333 0.0 0.0 0.0
0.166666666667 0.375 0.125 0.0 0.0 0.0
0.166666666667 0.375 0.166666666667 0.0 0.0 0.0
0.166666666667 0.375 0.208333333333 0.0 0.0 0.0
0.166666666667 0.375 0.25 0.0 0.0 0.0
0.166666666667 0.375 0.291666666667 0.0 0.0 0.0
0.166666666667 0.375 0.333333333333 0.0 0.0 0.0
0.166666666667 0.375 0.375 0.0 0.0 0.0
0.166666666667 0.375 0.416666666667 0.0 0.0 0.0
0.166666666667 0.375 0.458333333333 0.0 0.0 0.0
0.166666666667 0.416666666667 0.0 0.0 0.0 0.0
0.166666666667 0.416666666667 0.0416666666667 0.0 0.0 0.0
0.166666666667 0.416666666667 0.0833333333333 0.0 0.0 0.0
0.166666666667 0.416666666667 0.125 0.0 0.0 0.0
0.166666666667 0.416666666667 0.166666666667 0.0 0.0 0.0
0.166666666667 0.416666666667 0.208333333333 0.0 0.0 0.0
0.166666666667 0.416666666667 0.25 0.0 0.0 0.0
0.166666666667 0.416666666667 0.291666666667 0.0 0.0 0.0
0.166666666667 0.416666666667 0.333333333333 0.0 0.0 0.0
0.166666666667 0.416666666667 0.375 0.0 0.0 0.0
0.166666666667 0.416666666667 0.416666666667 0.0 0.0 0.0
0.166666666667 0.416666666667 0.458333333333 0.0 0.0 0.0
0.166666666667 0.458333333333 0.0 0.0 0.0 0.0
0.166666666667 0.458333333333 0.0416666666667 0.0 0.0 0.0
0.166666666667 0.458333333333 0.0833333333333 0.0 0.0 0.0
0.166666666667 0.458333333333 0.125 0.0 0.0 0.0
0.166666666667 0.458333333333 0.166666666667 0.0 0.0 0.0
0.166666666667 0.458333333333 0.208333333333 0.0 0.0 0.0
0.166666666667 0.458333333333 0.25 0.0 0.0 0.0
0.166666666667 0.458333333333 0.291666666667 0.0 0.0 0.0
0.166666666667 0.458333333333 0.333333333333 0.0 0.0 0.0
0.166666666667 0.458333333333 0.375 0.0 0.0 0.0
0.166666666667 0.458333333333 0.416666666667 0.0 0.0 0.0
0.166666666667 0.458333333333 0.458333333333 0.0 0.0 0.0
0.208333333333 0.0 0.0 0.0 0.0 0.0
0.208333333333 0.0 0.0416666666667 0.0 0.0 0.0
0.208333333333 0.0 0.0833333333333 0.0 0.0 0.0
0.208333333333 0.0 0.125 0.0 0.0 0.0
0.208333333333 0.0 0.166666666667 0.0 0.0 0.0
0.208333333333 0.0 0.208333333333 0.0 0.0 0.0
0.208333333333 0.0 0.25 0.0 0.0 0.0
0.208333333333 0.0 0.291666666667 0.0 0.0 0.0
0.208333333333 0.0 0.333333333333 0.0 0.0 0.0
0.208333333333 0.0 0.375 0.0 0.0 0.0
0.208333333333 0.0 0.416666666667 0.0 0.0 0.0
0.208333333333 0.0 0.458333333333 0.0 0.0 0.0
0.208333333333 0.0416666666667 0.0 0.0 0.0 0.0
0.208333333333 0.0416666666667 0.0416666666667 0.0 0.0 0.0
0.208333333333 0.0416666666667 0.0833333333333 0.0 0.0 0.0
0.208333333333 0.0416666666667 0.125 0.0 0.0 0.0
0.208333333333 0.0416666666667 0.166666666667 0.0 0.0 0.0
0.208333333333 0.0416666666667 0.208333333333 0.0 0.0 0.0
0.208333333333 0.0416666666667 0.25 0.0 0.0 0.0
0.208333333333 0.0416666666667 0.291666666667 0.0 0.0 0.0
0.208333333333 0.0416666666667 0.333333333333 0.0 0.0 0.0
0.208333333333 0.0416666666667 0.375 0.0 0.0 0.0
0.208333333333 0.0416666666667 0.416666666667 0.0 0.0 0.0
0.208333333333 0.0416666666667 0.458333333333 0.0 0.0 0.0
0.208333333333 0.0833333333333 0.0 0.0 0.0 0.0
0.208333333333 0.0833333333333 0.0416666666667 0.0 0.0 0.0
0.208333333333 0.0833333333333 0.0833333333333 0.0 0.0 0.0
0.208333333333 0.0833333333333 0.125 0.0 0.0 0.0
0.208333333333 0.0833333333333 0.166666666667 0.0 0.0 0.0
0.208333333333 0.0833333333333 0.208333333333 0.0 0.0 0.0
0.208333333333 0.0833333333333 0.25 0.0 0.0 0.0
0.208333333333 0.0833333333333 0.291666666667 0.0 0.0 0.0
0.208333333333 0.0833333333333 0.333333333333 0.0 0.0 0.0
0.208333333333 0.0833333333333 0.375 0.0 0.0 0.0
0.208333333333 0.0833333333333 0.416666666667 0.0 0.0 0.0
0.208333333333 0.0833333333333 0.458333333333 0.0 0.0 0.0
0.208333333333 0.125 0.0 0.0 0.0 0.0
0.208333333333 0.125 0.0416666666667 0.0 0.0 0.0
0.208333333333 0.125 0.0833333333333 0.0 0.0 0.0
0.208333333333 0.125 0.125 0.0 0.0 0.0
0.208333333333 0.125 0.166666666667 0.0 0.0 0.0
0.208333333333 0.125 0.208333333333 0.0 0.0 0.0
0.208333333333 0.125 0.25 0.0 0.0 0.0
0.208333333333 0.125 0.291666666667 0.0 0.0 0.0
0.208333333333 0.125 0.333333333333 0.0 0.0 0.0
0.208333333333 0.125 0.375 0.0 0.0 0.0
0.208333333333 0.125 0.416666666667 0.0 0.0 0.0
0.208333333333 0.125 0.458333333333 0.0 0.0 0.0
0.208333333333 0.166666666667 0.0 0.0 0.0 0.0
0.208333333333 0.166666666667 0.0416666666667 0.0 0.0 0.0
0.208333333333 0.166666666667 0.0833333333333 0.0 0.0 0.0
0.208333333333 0.166666666667 0.125 0.0 0.0 0.0
0.208333333333 0.166666666667 0.166666666667 0.0 0.0 0.0
0.208333333333 0.166666666667 0.208333333333 0.0 0.0 0.0
0.208333333333 0.166666666667 0.25 0.0 0.0 0.0
0.208333333333 0.166666666667 0.291666666667 0.0 0.0 0.0
0.208333333333 0.166666666667 0.333333333333 0.0 0.0 0.0
0.208333333333 0.166666666667 0.375 0.0 0.0 0.0
0.208333333333 0.166666666667 0.416666666667 0.0 0.0 0.0
0.208333333333 0.166666666667 0.458333333333 0.0 0.0 0.0
0.208333333333 0.208333333333 0.0 0.0 0.0 0.0
0.208333333333 0.208333333333 0.0416666666667 0.0 0.0 0.0
0.208333333333 0.208333333333 0.0833333333333 0.0 0.0 0.0
0.208333333333 0.208333333333 0.125 0.0 0.0 0.0
0.208333333333 0.208333333333 0.166666666667 0.0 0.0 0.0
0.208333333333 0.208333333333 0.208333333333 0.0 0.0 0.0
0.208333333333 0.208333333333 0.25 0.0 0.0 0.0
0.208333333333 0.208333333333 0.291666666667 0.0 0.0 0.0
0.208333333333 0.208333333333 0.333333333333 0.0 0.0 0.0
0.208333333333 0.208333333333 0.375 0.0 0.0 0.0
0.208333333333 0.208333333333 0.416666666667 0.0 0.0 0.0
0.208333333333 0.208333333333 0.458333333333 0.0 0.0 0.0
0.208333333333 0.25 0.0 0.0 0.0 0.0
0.208333333333 0.25 0.0416666666667 0.0 0.0 0.0
0.208333333333 0.25 0.0833333333333 0.0 0.0 0.0
0.208333333333 0.25 0.125 0.0 0.0 0.0
0.208333333333 0.25 0.166666666667 0.0 0.0 0.0
0.208333333333 0.25 0.208333333333 0.0 0.0 0.0
0.208333333333 0.25 0.25 0.0 0.0 0.0
0.208333333333 0.25 0.291666666667 0.0 0.0 0.0
0.208333333333 0.25 0.333333333333 0.0 0.0 0.0
0.208333333333 0.25 0.375 0.0 0.0 0.0
0.208333333333 0.25 0.416666666667 0.0 0.0 0.0
0.208333333333 0.25 0.458333333333 0.0 0.0 0.0
0.208333333333 0.291666666667 0.0 0.0 0.0 0.0
0.208333333333 0.291666666667 0.0416666666667 0.0 0.0 0.0
0.208333333333 0.291666666667 0.0833333333333 0.0 0.0 0.0
0.208333333333 0.291666666667 0.125 0.0 0.0 0.0
0.208333333333 0.291666666667 0.166666666667 0.0 0.0 0.0
0.208333333333 0.291666666667 0.208333333333 0.0 0.0 0.0
0.208333333333 0.291666666667 0.25 0.0 0.0 0.0
0.208333333333 0.291666666667 0.291666666667 0.0 0.0 0.0
0.208333333333 0.291666666667 0.333333333333 0.0 0.0 0.0
0.208333333333 0.291666666667 0.375 0.0 0.0 0.0
0.208333333333 0.291666666667 0.416666666667 0.0 0.0 0.0
0.208333333333 0.291666666667 0.458333333333 0.0 0.0 0.0
0.208333333333 0.333333333333 0.0 0.0 0.0 0.0
0.208333333333 0.333333333333 0.0416666666667 0.0 0.0 0.0
0.208333333333 0.333333333333 0.0833333333333 0.0 0.0 0.0
0.208333333333 0.333333333333 0.125 0.0 0.0 0.0
0.208333333333 0.333333333333 0.166666666667 0.0 0.0 0.0
0.208333333333 0.333333333333 0.208333333333 0.0 0.0 0.0
0.208333333333 0.333333333333 0.25 0.0 0.0 0.0
0.208333333333 0.333333333333 0.291666666667 0.0 0.0 0.0
0.208333333333 0.333333333333 0.333333333333 0.0 0.0 0.0
0.208333333333 0.333333333333 0.375 0.0 0.0 0.0
0.208333333333 0.333333333333 0.416666666667 0.0 0.0 0.0
0.208333333333 0.333333333333 0.458333333333 0.0 0.0 0.0
0.208333333333 0.375 0.0 0.0 0.0 0.0
0.208333333333 0.375 0.0416666666667 0.0 0.0 0.0
0.208333333333 0.375 0.0833333333333 0.0 0.0 0.0
0.208333333333 0.375 0.125 0.0 0.0 0.0
0.208333333333 0.375 0.166666666667 0.0 0.0 0.0
0.208333333333 0.375 0.208333333333 0.0 0.0 0.0
0.208333333333 0.375 0.25 0.0 0.0 0.0
0.208333333333 0.375 0.291666666667 0.0 0.0 0.0
0.208333333333 0.375 0.333333333333 0.0 0.0 0.0
0.208333333333 0.375 0.375 0.0 0.0 0.0
0.208333333333 0.375 0.416666666667 0.0 0.0 0.0
0.208333333333 0.375 0.458333333333 0.0 0.0 0.0
0.208333333333 0.416666666667 0.0 0.0 0.0 0.0
0.208333333333 0.416666666667 0.0416666666667 0.0 0.0 0.0
0.208333333333 0.416666666667 0.0833333333333 0.0 0.0 0.0
0.208333333333 0.416666666667 0.125 0.0 0.0 0.0
0.208333333333 0.416666666667 0.166666666667 0.0 0.0 0.0
0.208333333333 0.416666666667 0.208333333333 0.0 0.0 0.0
0.208333333333 0.416666666667 0.25 0.0 0.0 0.0
0.208333333333 0.416666666667 0.291666666667 0.0 0.0 0.0
0.208333333333 0.416666666667 0.333333333333 0.0 0.0 0.0
0.208333333333 0.416666666667 0.375 0.0 0.0 0.0
0.208333333333 0.416666666667 0.416666666667 0.0 0.0 0.0
0.208333333333 0.416666666667 0.458333333333 0.0 0.0 0.0
0.208333333333 0.458333333333 0.0 0.0 0.0 0.0
0.208333333333 0.458333333333 0.0416666666667 0.0 0.0 0.0
0.208333333333 0.458333333333 0.0833333333333 0.0 0.0 0.0
0.208333333333 0.458333333333 0.125 0.0 0.0 0.0
0.208333333333 0.458333333333 0.166666666667 0.0 0.0 0.0
0.208333333333 0.458333333333 0.208333333333 0.0 0.0 0.0
0.208333333333 0.458333333333 0.25 0.0 0.0 0.0
0.208333333333 0.458333333333 0.291666666667 0.0 0.0 0.0
0.208333333333 0.458333333333 0.333333333333 0.0 0.0 0.0
0.208333333333 0.458333333333 0.375 0.0 0.0 0.0
0.208333333333 0.458333333333 0.416666666667 0.0 0.0 0.0
0.208333333333 0.458333333333 0.458333333333 0.0 0.0 0.0
0.25 0.0 0.0 0.0 0.0 0.0
0.25 0.0 0.0416666666667 0.0 0.0 0.0
0.25 0.0 0.0833333333333 0.0 0.0 0.0
0.25 0.0 0.125 0.0 0.0 0.0
0.25 0.0 0.166666666667 0.0 0.0 0.0
0.25 0.0 0.208333333333 0.0 0.0 0.0
0.25 0.0 0.25 0.0 0.0 0.0
0.25 0.0 0.291666666667 0.0 0.0 0.0
0.25 0.0 0.333333333333 0.0 0.0 0.0
0.25 0.0 0.375 0.0 0.0 0.0
0.25 0.0 0.416666666667 0.0 0.0 0.0
0.25 0.0 0.458333333333 0.0 0.0 0.0
0.25 0.0416666666667 0.0 0.0 0.0 0.0
0.25 0.0416666666667 0.0416666666667 0.0 0.0 0.0
0.25 0.0416666666667 0.0833333333333 0.0 0.0 0.0
0.25 0.0416666666667 0.125 0.0 0.0 0.0
0.25 0.0416666666667 0.166666666667 0.0 0.0 0.0
0.25 0.0416666666667 0.208333333333 0.0 0.0 0.0
0.25 0.0416666666667 0.25 0.0 0.0 0.0
0.25 0.0416666666667 0.291666666667 0.0 0.0 0.0
0.25 0.0416666666667 0.333333333333 0.0 0.0 0.0
0.25 0.0416666666667 0.375 0.0 0.0 0.0
0.25 0.0416666666667 0.416666666667 0.0 0.0 0.0
0.25 0.0416666666667 0.458333333333 0.0 0.0 0.0
0.25 0.0833333333333 0.0 0.0 0.0 0.0
0.25 0.0833333333333 0.0416666666667 0.0 0.0 0.0
0.25 0.0833333333333 0.0833333333333 0.0 0.0 0.0
0.25 0.0833333333333 0.125 0.0 0.0 0.0
0.25 0.0833333333333 0.166666666667 0.0 0.0 0.0
0.25 0.0833333333333 0.208333333333 0.0 0.0 0.0
0.25 0.0833333333333 0.25 0.0 0.0 0.0
0.25 0.0833333333333 0.291666666667 0.0 0.0 0.0
0.25 0.0833333333333 0.333333333333 0.0 0.0 0.0
0.25 0.0833333333333 0.375 0.0 0.0 0.0
0.25 0.0833333333333 0.416666666667 0.0 0.0 0.0
0.25 0.0833333333333 0.458333333333 0.0 0.0 0.0
0.25 0.125 0.0 0.0 0.0 0.0
0.25 0.125 0.0416666666667 0.0 0.0 0.0
0.25 0.125 0.0833333333333 0.0 0.0 0.0
0.25 0.125 0.125 0.0 0.0 0.0
0.25 0.125 0.166666666667 0.0 0.0 0.0
0.25 0.125 0.208333333333 0.0 0.0 0.0
0.25 0.125 0.25 0.0 0.0 0.0
0.25 0.125 0.291666666667 0.0 0.0 0.0
0.25 0.125 0.333333333333 0.0 0.0 0.0
0.25 0.125 0.375 0.0 0.0 0.0
0.25 0.125 0.416666666667 0.0 0.0 0.0
0.25 0.125 0.458333333333 0.0 0.0 0.0
0.25 0.166666666667 0.0 0.0 0.0 0.0
0.25 0.166666666667 0.0416666666667 0.0 0.0 0.0
0.25 0.166666666667 0.0833333333333 0.0 0.0 0.0
0.25 0.166666666667 0.125 0.0 0.0 0.0
0.25 0.166666666667 0.166666666667 0.0 0.0 0.0
0.25 0.166666666667 0.208333333333 0.0 0.0 0.0
0.25 0.166666666667 0.25 0.0 0.0 0.0
0.25 0.166666666667 0.291666666667 0.0 0.0 0.0
0.25 0.166666666667 0.333333333333 0.0 0.0 0.0
0.25 0.166666666667 0.375 0.0 0.0 0.0
0.25 0.166666666667 0.416666666667 0.0 0.0 0.0
0.25 0.166666666667 0.458333333333 0.0 0.0 0.0
0.25 0.208333333333 0.0 0.0 0.0 0.0
0.25 0.208333333333 0.0416666666667 0.0 0.0 0.0
0.25 0.208333333333 0.0833333333333 0.0 0.0 0.0
0.25 0.208333333333 0.125 0.0 0.0 0.0
0.25 0.208333333333 0.166666666667 0.0 0.0 0.0
0.25 0.208333333333 0.208333333333 0.0 0.0 0.0
0.25 0.208333333333 0.25 0.0 0.0 0.0
0.25 0.208333333333 0.291666666667 0.0 0.0 0.0
0.25 0.208333333333 0.333333333333 0.0 0.0 0.0
0.25 0.208333333333 0.375 0.0 0.0 0.0
0.25 0.208333333333 0.416666666667 0.0 0.0 0.0
0.25 0.208333333333 0.458333333333 0.0 0.0 0.0
0.25 0.25 0.0 0.0 0.0 0.0
0.25 0.25 0.0416666666667 0.0 0.0 0.0
0.25 0.25 0.0833333333333 0.0 0.0 0.0
0.25 0.25 0.125 0.0 0.0 0.0
0.25 0.25 0.166666666667 0.0 0.0 0.0
0.25 0.25 0.208333333333 0.0 0.0 0.0
0.25 0.25 0.25 0.0 0.0 0.0
0.25 0.25 0.291666666667 0.0 0.0 0.0
0.25 0.25 0.333333333333 0.0 0.0 0.0
0.25 0.25 0.375 0.0 0.0 0.0
0.25 0.25 0.416666666667 0.0 0.0 0.0
0.25 0.25 0.458333333333 0.0 0.0 0.0
0.25 0.291666666667 0.0 0.0 0.0 0.0
0.25 0.291666666667 0.0416666666667 0.0 0.0 0.0
0.25 0.291666666667 0.0833333333333 0.0 0.0 0.0
0.25 0.291666666667 0.125 0.0 0.0 0.0
0.25 0.291666666667 0.166666666667 0.0 0.0 0.0
0.25 0.291666666667 0.208333333333 0.0 0.0 0.0
0.25 0.291666666667 0.25 0.0 0.0 0.0
0.25 0.291666666667 0.291666666667 0.0 0.0 0.0
0.25 0.291666666667 0.333333333333 0.0 0.0 0.0
0.25 0.291666666667 0.375 0.0 0.0 0.0
0.25 0.291666666667 0.416666666667 0.0 0.0 0.0
0.25 0.291666666667 0.458333333333 0.0 0.0 0.0
0.25 0.333333333333 0.0 0.0 0.0 0.0
0.25 0.333333333333 0.0416666666667 0.0 0.0 0.0
0.25 0.333333333333 0.0833333333333 0.0 0.0 0.0
0.25 0.333333333333 0.125 0.0 0.0 0.0
0.25 0.333333333333 0.166666666667 0.0 0.0 0.0
0.25 0.333333333333 0.208333333333 0.0 0.0 0.0
0.25 0.333333333333 0.25 0.0 0.0 0.0
0.25 0.333333333333 0.291666666667 0.0 0.0 0.0
0.25 0.333333333333 0.333333333333 0.0 0.0 0.0
0.25 0.333333333333 0.375 0.0 0.0 0.0
0.25 0.333333333333 0.416666666667 0.0 0.0 0.0
0.25 0.333333333333 0.458333333333 0.0 0.0 0.0
0.25 0.375 0.0 0.0 0.0 0.0
0.25 0.375 0.0416666666667 0.0 0.0 0.0
0.25 0.375 0.0833333333333 0.0 0.0 0.0
0.25 0.375 0.125 0.0 0.0 0.0
0.25 0.375 0.166666666667 0.0 0.0 0.0
0.25 0.375 0.208333333333 0.0 0.0 0.0
0.25 0.375 0.25 0.0 0.0 0.0
0.25 0.375 0.291666666667 0.0 0.0 0.0
0.25 0.375 0.333333333333 0.0 0.0 0.0
0.25 0.375 0.375 0.0 0.0 0.0
0.25 0.375 0.416666666667 0.0 0.0 0.0
0.25 0.375 0.458333333333 0.0 0.0 0.0
0.25 0.416666666667 0.0 0.0 0.0 0.0
0.25 0.416666666667 0.0416666666667 0.0 0.0 0.0
0.25 0.416666666667 0.0833333333333 0.0 0.0 0.0
0.25 0.416666666667 0.125 0.0 0.0 0.0
0.25 0.416666666667 0.166666666667 0.0 0.0 0.0
0.25 0.416666666667 0.208333333333 0.0 0.0 0.0
0.25 0.416666666667 0.25 0.0 0.0 0.0
0.25 0.416666666667 0.291666666667 0.0 0.0 0.0
0.25 0.416666666667 0.333333333333 0.0 0.0 0.0
0.25 0.416666666667 0.375 0.0 0.0 0.0
0.25 0.416666666667 0.416666666667 0.0 0.0 0.0
0.25 0.416666666667 0.458333333333 0.0 0.0 0.0
0.25 0.458333333333 0.0 0.0 0.0 0.0
0.25 0.458333333333 0.0416666666667 0.0 0.0 0.0
0.25 0.458333333333 0.0833333333333 0.0 0.0 0.0
0.25 0.458333333333 0.125 0.0 0.0 0.0
0.25 0.458333333333 0.166666666667 0.0 0.0 0.0
0.25 0.458333333333 0.208333333333 0.0 0.0 0.0
0.25 0.458333333333 0.25 0.0 0.0 0.0
0.25 0.458333333333 0.291666666667 0.0 0.0 0.0
0.25 0.458333333333 0.333333333333 0.0 0.0 0.0
0.25 0.458333333333 0.375 0.0 0.0 0.0
0.25 0.458333333333 0.416666666667 0.0 0.0 0.0
0.25 0.458333333333 0.458333333333 0.0 0.0 0.0
0.291666666667 0.0 0.0 0.0 0.0 0.0
0.291666666667 0.0 0.0416666666667 0.0 0.0 0.0
0.291666666667 0.0 0.0833333333333 0.0 0.0 0.0
0.291666666667 0.0 0.125 0.0 0.0 0.0
0.291666666667 0.0 0.166666666667 0.0 0.0 0.0
0.291666666667 0.0 0.208333333333 0.0 0.0 0.0
0.291666666667 0.0 0.25 0.0 0.0 0.0
0.291666666667 0.0 0.291666666667 0.0 0.0 0.0
0.291666666667 0.0 0.333333333333 0.0 0.0 0.0
0.291666666667 0.0 0.375 0.0 0.0 0.0
0.291666666667 0.0 0.416666666667 0.0 0.0 0.0
0.291666666667 0.0 0.458333333333 0.0 0.0 0.0
0.291666666667 0.0416666666667 0.0 0.0 0.0 0.0
0.291666666667 0.0416666666667 0.0416666666667 0.0 0.0 0.0
0.291666666667 0.0416666666667 0.0833333333333 0.0 0.0 0.0
0.291666666667 0.0416666666667 0.125 0.0 0.0 0.0
0.291666666667 0.0416666666667 0.166666666667 0.0 0.0 0.0
0.291666666667 0.0416666666667 0.208333333333 0.0 0.0 0.0
0.291666666667 0.0416666666667 0.25 0.0 0.0 0.0
0.291666666667 0.0416666666667 0.291666666667 0.0 0.0 0.0
0.291666666667 0.0416666666667 0.333333333333 0.0 0.0 0.0
0.291666666667 0.0416666666667 0.375 0.0 0.0 0.0
0.291666666667 0.0416666666667 0.416666666667 0.0 0.0 0.0
0.291666666667 0.0416666666667 0.458333333333 0.0 0.0 0.0
0.291666666667 0.0833333333333 0.0 0.0 0.0 0.0
0.291666666667 0.0833333333333 0.0416666666667 0.0 0.0 0.0
0.291666666667 0.0833333333333 0.0833333333333 0.0 0.0 0.0
0.291666666667 0.0833333333333 0.125 0.0 0.0 0.0
0.291666666667 0.0833333333333 0.166666666667 0.0 0.0 0.0
0.291666666667 0.0833333333333 0.208333333333 0.0 0.0 0.0
0.291666666667 0.0833333333333 0.25 0.0 0.0 0.0
0.291666666667 0.0833333333333 0.291666666667 0.0 0.0 0.0
0.291666666667 0.0833333333333 0.333333333333 0.0 0.0 0.0
0.291666666667 0.0833333333333 0.375 0.0 0.0 0.0
0.291666666667 0.0833333333333 0.416666666667 0.0 0.0 0.0
0.291666666667 0.0833333333333 0.458333333333 0.0 0.0 0.0
0.291666666667 0.125 0.0 0.0 0.0 0.0
0.291666666667 0.125 0.0416666666667 0.0 0.0 0.0
0.291666666667 0.125 0.0833333333333 0.0 0.0 0.0
0.291666666667 0.125 0.125 0.0 0.0 0.0
0.291666666667 0.125 0.166666666667 0.0 0.0 0.0
0.291666666667 0.125 0.208333333333 0.0 0.0 0.0
0.291666666667 0.125 0.25 0.0 0.0 0.0
0.291666666667 0.125 0.291666666667 0.0 0.0 0.0
0.291666666667 0.125 0.333333333333 0.0 0.0 0.0
0.291666666667 0.125 0.375 0.0 0.0 0.0
0.291666666667 0.125 0.416666666667 0.0 0.0 0.0
0.291666666667 0.125 0.458333333333 0.0 0.0 0.0
0.291666666667 0.166666666667 0.0 0.0 0.0 0.0
0.291666666667 0.166666666667 0.0416666666667 0.0 0.0 0.0
0.291666666667 0.166666666667 0.0833333333333 0.0 0.0 0.0
0.291666666667 0.166666666667 0.125 0.0 0.0 0.0
0.291666666667 0.166666666667 0.166666666667 0.0 0.0 0.0
0.291666666667 0.166666666667 0.208333333333 0.0 0.0 0.0
0.291666666667 0.166666666667 0.25 0.0 0.0 0.0
0.291666666667 0.166666666667 0.291666666667 0.0 0.0 0.0
0.291666666667 0.166666666667 0.333333333333 0.0 0.0 0.0
0.291666666667 0.166666666667 0.375 0.0 0.0 0.0
0.291666666667 0.166666666667 0.416666666667 0.0 0.0 0.0
0.291666666667 0.166666666667 0.458333333333 0.0 0.0 0.0
0.291666666667 0.208333333333 0.0 0.0 0.0 0.0
0.291666666667 0.208333333333 0.0416666666667 0.0 0.0 0.0
0.291666666667 0.208333333333 0.0833333333333 0.0 0.0 0.0
0.291666666667 0.208333333333 0.125 0.0 0.0 0.0
0.291666666667 0.208333333333 0.166666666667 0.0 0.0 0.0
0.291666666667 0.208333333333 0.208333333333 0.0 0.0 0.0
0.291666666667 0.208333333333 0.25 0.0 0.0 0.0
0.291666666667 0.208333333333 0.291666666667 0.0 0.0 0.0
0.291666666667 0.208333333333 0.333333333333 0.0 0.0 0.0
0.291666666667 0.208333333333 0.375 0.0 0.0 0.0
0.291666666667 0.208333333333 0.416666666667 0.0 0.0 0.0
0.291666666667 0.208333333333 0.458333333333 0.0 0.0 0.0
0.291666666667 0.25 0.0 0.0 0.0 0.0
0.291666666667 0.25 0.0416666666667 0.0 0.0 0.0
0.291666666667 0.25 0.0833333333333 0.0 0.0 0.0
0.291666666667 0.25 0.125 0.0 0.0 0.0
0.291666666667 0.25 0.166666666667 0.0 0.0 0.0
0.291666666667 0.25 0.208333333333 0.0 0.0 0.0
0.291666666667 0.25 0.25 0.0 0.0 0.0
0.291666666667 0.25 0.291666666667 0.0 0.0 0.0
0.291666666667 0.25 0.333333333333 0.0 0.0 0.0
0.291666666667 0.25 0.375 0.0 0.0 0.0
0.291666666667 0.25 0.416666666667 0.0 0.0 0.0
0.291666666667 0.25 0.458333333333 0.0 0.0 0.0
0.291666666667 0.291666666667 0.0 0.0 0.0 0.0
0.291666666667 0.291666666667 0.0416666666667 0.0 0.0 0.0
0.291666666667 0.291666666667 0.0833333333333 0.0 0.0 0.0
0.291666666667 0.291666666667 0.125 0.0 0.0 0.0
0.291666666667 0.291666666667 0.166666666667 0.0 0.0 0.0
0.291666666667 0.291666666667 0.208333333333 0.0 0.0 0.0
0.291666666667 0.291666666667 0.25 0.0 0.0 0.0
0.291666666667 0.291666666667 0.291666666667 0.0 0.0 0.0
0.291666666667 0.291666666667 0.333333333333 0.0 0.0 0.0
0.291666666667 0.291666666667 0.375 0.0 0.0 0.0
0.291666666667 0.291666666667 0.416666666667 0.0 0.0 0.0
0.291666666667 0.291666666667 0.458333333333 0.0 0.0 0.0
0.291666666667 0.333333333333 0.0 0.0 0.0 0.0
0.291666666667 0.333333333333 0.0416666666667 0.0 0.0 0.0
0.291666666667 0.333333333333 0.0833333333333 0.0 0.0 0.0
0.291666666667 0.333333333333 0.125 0.0 0.0 0.0
0.291666666667 0.333333333333 0.166666666667 0.0 0.0 0.0
0.291666666667 0.333333333333 0.208333333333 0.0 0.0 0.0
0.291666666667 0.333333333333 0.25 0.0 0.0 0.0
0.291666666667 0.333333333333 0.291666666667 0.0 0.0 0.0
0.291666666667 0.333333333333 0.333333333333 0.0 0.0 0.0
0.291666666667 0.333333333333 0.375 0.0 0.0 0.0
0.291666666667 0.333333333333 0.416666666667 0.0 0.0 0.0
0.291666666667 0.333333333333 0.458333333333 0.0 0.0 0.0
0.291666666667 0.375 0.0 0.0 0.0 0.0
0.291666666667 0.375 0.0416666666667 0.0 0.0 0.0
0.291666666667 0.375 0.0833333333333 0.0 0.0 0.0
0.291666666667 0.375 0.125 0.0 0.0 0.0
0.291666666667 0.375 0.166666666667 0.0 0.0 0.0
0.291666666667 0.375 0.208333333333 0.0 0.0 0.0
0.291666666667 0.375 0.25 0.0 0.0 0.0
0.291666666667 0.375 0.291666666667 0.0 0.0 0.0
0.291666666667 0.375 0.333333333333 0.0 0.0 0.0
0.291666666667 0.375 0.375 0.0 0.0 0.0
0.291666666667 0.375 0.416666666667 0.0 0.0 0.0
0.291666666667 0.375 0.458333333333 0.0 0.0 0.0
0.291666666667 0.416666666667 0.0 0.0 0.0 0.0
0.291666666667 0.416666666667 0.0416666666667 0.0 0.0 0.0
0.291666666667 0.416666666667 0.0833333333333 0.0 0.0 0.0
0.291666666667 0.416666666667 0.125 0.0 0.0 0.0
0.291666666667 0.416666666667 0.166666666667 0.0 0.0 0.0
0.291666666667 0.416666666667 0.208333333333 0.0 0.0 0.0
0.291666666667 0.416666666667 0.25 0.0 0.0 0.0
0.291666666667 0.416666666667 0.291666666667 0.0 0.0 0.0
0.291666666667 0.416666666667 0.333333333333 0.0 0.0 0.0
0.291666666667 0.416666666667 0.375 0.0 0.0 0.0
0.291666666667 0.416666666667 0.416666666667 0.0 0.0 0.0
0.291666666667 0.416666666667 0.458333333333 0.0 0.0 0.0
0.291666666667 0.458333333333 0.0 0.0 0.0 0.0
0.291666666667 0.458333333333 0.0416666666667 0.0 0.0 0.0
0.291666666667 0.458333333333 0.0833333333333 0.0 0.0 0.0
0.291666666667 0.458333333333 0.125 0.0 0.0 0.0
0.291666666667 0.458333333333 0.166666666667 0.0 0.0 0.0
0.291666666667 0.458333333333 0.208333333333 0.0 0.0 0.0
0.291666666667 0.458333333333 0.25 0.0 0.0 0.0
0.291666666667 0.458333333333 0.291666666667 0.0 0.0 0.0
0.291666666667 0.458333333333 0.333333333333 0.0 0.0 0.0
0.291666666667 0.458333333333 0.375 0.0 0.0 0.0
0.291666666667 0.458333333333 0.416666666667 0.0 0.0 0.0
0.291666666667 0.458333333333 0.458333333333 0.0 0.0 0.0
0.333333333333 0.0 0.0 0.0 0.0 0.0
0.333333333333 0.0 0.0416666666667 0.0 0.0 0.0
0.333333333333 0.0 0.0833333333333 0.0 0.0 0.0
0.333333333333 0.0 0.125 0.0 0.0 0.0
0.333333333333 0.0 0.166666666667 0.0 0.0 0.0
0.333333333333 0.0 0.208333333333 0.0 0.0 0.0
0.333333333333 0.0 0.25 0.0 0.0 0.0
0.333333333333 0.0 0.291666666667 0.0 0.0 0.0
0.333333333333 0.0 0.333333333333 0.0 0.0 0.0
0.333333333333 0.0 0.375 0.0 0.0 0.0
0.333333333333 0.0 0.416666666667 0.0 0.0 0.0
0.333333333333 0.0 0.458333333333 0.0 0.0 0.0
0.333333333333 0.0416666666667 0.0 0.0 0.0 0.0
0.333333333333 0.0416666666667 0.0416666666667 0.0 0.0 0.0
0.333333333333 0.0416666666667 0.0833333333333 0.0 0.0 0.0
0.333333333333 0.0416666666667 0.125 0.0 0.0 0.0
0.333333333333 0.0416666666667 0.166666666667 0.0 0.0 0.0
0.333333333333 0.0416666666667 0.208333333333 0.0 0.0 0.0
0.333333333333 0.0416666666667 0.25 0.0 0.0 0.0
0.333333333333 0.0416666666667 0.291666666667 0.0 0.0 0.0
0.333333333333 0.0416666666667 0.333333333333 0.0 0.0 0.0
0.333333333333 0.0416666666667 0.375 0.0 0.0 0.0
0.333333333333 0.0416666666667 0.416666666667 0.0 0.0 0.0
0.333333333333 0.0416666666667 0.458333333333 0.0 0.0 0.0
0.333333333333 0.0833333333333 0.0 0.0 0.0 0.0
0.333333333333 0.0833333333333 0.0416666666667 0.0 0.0 0.0
0.333333333333 0.0833333333333 0.0833333333333 0.0 0.0 0.0
0.333333333333 0.0833333333333 0.125 0.0 0.0 0.0
0.333333333333 0.0833333333333 0.166666666667 0.0 0.0 0.0
0.333333333333 0.0833333333333 0.208333333333 0.0 0.0 0.0
0.333333333333 0.0833333333333 0.25 0.0 0.0 0.0
0.333333333333 0.0833333333333 0.291666666667 0.0 0.0 0.0
0.333333333333 0.0833333333333 0.333333333333 0.0 0.0 0.0
0.333333333333 0.0833333333333 0.375 0.0 0.0 0.0
0.333333333333 0.0833333333333 0.416666666667 0.0 0.0 0.0
0.333333333333 0.0833333333333 0.458333333333 0.0 0.0 0.0
0.333333333333 0.125 0.0 0.0 0.0 0.0
0.333333333333 0.125 0.0416666666667 0.0 0.0 0.0
0.333333333333 0.125 0.0833333333333 0.0 0.0 0.0
0.333333333333 0.125 0.125 0.0 0.0 0.0
0.333333333333 0.125 0.166666666667 0.0 0.0 0.0
0.333333333333 0.125 0.208333333333 0.0 0.0 0.0
0.333333333333 0.125 0.25 0.0 0.0 0.0
0.333333333333 0.125 0.291666666667 0.0 0.0 0.0
0.333333333333 0.125 0.333333333333 0.0 0.0 0.0
0.333333333333 0.125 0.375 0.0 0.0 0.0
0.333333333333 0.125 0.416666666667 0.0 0.0 0.0
0.333333333333 0.125 0.458333333333 0.0 0.0 0.0
0.333333333333 0.166666666667 0.0 0.0 0.0 0.0
0.333333333333 0.166666666667 0.0416666666667 0.0 0.0 0.0
0.333333333333 0.166666666667 0.0833333333333 0.0 0.0 0.0
0.333333333333 0.166666666667 0.125 0.0 0.0 0.0
0.333333333333 0.166666666667 0.166666666667 0.0 0.0 0.0
0.333333333333 0.166666666667 0.208333333333 0.0 0.0 0.0
0.333333333333 0.166666666667 0.25 0.0 0.0 0.0
0.333333333333 0.166666666667 0.291666666667 0.0 0.0 0.0
0.333333333333 0.166666666667 0.333333333333 0.0 0.0 0.0
0.333333333333 0.166666666667 0.375 0.0 0.0 0.0
0.333333333333 0.166666666667 0.416666666667 0.0 0.0 0.0
0.333333333333 0.166666666667 0.458333333333 0.0 0.0 0.0
0.333333333333 0.208333333333 0.0 0.0 0.0 0.0
0.333333333333 0.208333333333 0.0416666666667 0.0 0.0 0.0
0.333333333333 0.208333333333 0.0833333333333 0.0 0.0 0.0
0.333333333333 0.208333333333 0.125 0.0 0.0 0.0
0.333333333333 0.208333333333 0.166666666667 0.0 0.0 0.0
0.333333333333 0.208333333333 0.208333333333 0.0 0.0 0.0
0.333333333333 0.208333333333 0.25 0.0 0.0 0.0
0.333333333333 0.208333333333 0.291666666667 0.0 0.0 0.0
0.333333333333 0.208333333333 0.333333333333 0.0 0.0 0.0
0.333333333333 0.208333333333 0.375 0.0 0.0 0.0
0.333333333333 0.208333333333 0.416666666667 0.0 0.0 0.0
0.333333333333 0.208333333333 0.458333333333 0.0 0.0 0.0
0.333333333333 0.25 0.0 0.0 0.0 0.0
0.333333333333 0.25 0.0416666666667 0.0 0.0 0.0
0.333333333333 0.25 0.0833333333333 0.0 0.0 0.0
0.333333333333 0.25 0.125 0.0 0.0 0.0
0.333333333333 0.25 0.166666666667 0.0 0.0 0.0
0.333333333333 0.25 0.208333333333 0.0 0.0 0.0
0.333333333333 0.25 0.25 0.0 0.0 0.0
0.333333333333 0.25 0.291666666667 0.0 0.0 0.0
0.333333333333 0.25 0.333333333333 0.0 0.0 0.0
0.333333333333 0.25 0.375 0.0 0.0 0.0
0.333333333333 0.25 0.416666666667 0.0 0.0 0.0
0.333333333333 0.25 0.458333333333 0.0 0.0 0.0
0.333333333333 0.291666666667 0.0 0.0 0.0 0.0
0.333333333333 0.291666666667 0.0416666666667 0.0 0.0 0.0
0.333333333333 0.291666666667 0.0833333333333 0.0 0.0 0.0
0.333333333333 0.291666666667 0.125 0.0 0.0 0.0
0.333333333333 0.291666666667 0.166666666667 0.0 0.0 0.0
0.333333333333 0.291666666667 0.208333333333 0.0 0.0 0.0
0.333333333333 0.291666666667 0.25 0.0 0.0 0.0
0.333333333333 0.291666666667 0.291666666667 0.0 0.0 0.0
0.333333333333 0.291666666667 0.333333333333 0.0 0.0 0.0
0.333333333333 0.291666666667 0.375 0.0 0.0 0.0
0.333333333333 0.291666666667 0.416666666667 0.0 0.0 0.0
0.333333333333 0.291666666667 0.458333333333 0.0 0.0 0.0
0.333333333333 0.333333333333 0.0 0.0 0.0 0.0
0.333333333333 0.333333333333 0.0416666666667 0.0 0.0 0.0
0.333333333333 0.333333333333 0.0833333333333 0.0 0.0 0.0
0.333333333333 0.333333333333 0.125 0.0 0.0 0.0
0.333333333333 0.333333333333 0.166666666667 0.0 0.0 0.0
0.333333333333 0.333333333333 0.208333333333 0.0 0.0 0.0
0.333333333333 0.333333333333 0.25 0.0 0.0 0.0
0.333333333333 0.333333333333 0.291666666667 0.0 0.0 0.0
0.333333333333 0.333333333333 0.333333333333 0.0 0.0 0.0
0.333333333333 0.333333333333 0.375 0.0 0.0 0.0
0.333333333333 0.333333333333 0.416666666667 0.0 0.0 0.0
0.333333333333 0.333333333333 0.458333333333 0.0 0.0 0.0
0.333333333333 0.375 0.0 0.0 0.0 0.0
0.333333333333 0.375 0.0416666666667 0.0 0.0 0.0
0.333333333333 0.375 0.0833333333333 0.0 0.0 0.0
0.333333333333 0.375 0.125 0.0 0.0 0.0
0.333333333333 0.375 0.166666666667 0.0 0.0 0.0
0.333333333333 0.375 0.208333333333 0.0 0.0 0.0
0.333333333333 0.375 0.25 0.0 0.0 0.0
0.333333333333 0.375 0.291666666667 0.0 0.0 0.0
0.333333333333 0.375 0.333333333333 0.0 0.0 0.0
0.333333333333 0.375 0.375 0.0 0.0 0.0
0.333333333333 0.375 0.416666666667 0.0 0.0 0.0
0.333333333333 0.375 0.458333333333 0.0 0.0 0.0
0.333333333333 0.416666666667 0.0 0.0 0.0 0.0
0.333333333333 0.416666666667 0.0416666666667 0.0 0.0 0.0
0.333333333333 0.416666666667 0.0833333333333 0.0 0.0 0.0
0.333333333333 0.416666666667 0.125 0.0 0.0 0.0
0.333333333333 0.416666666667 0.166666666667 0.0 0.0 0.0
0.333333333333 0.416666666667 0.208333333333 0.0 0.0 0.0
0.333333333333 0.416666666667 0.25 0.0 0.0 0.0
0.333333333333 0.416666666667 0.291666666667 0.0 0.0 0.0
0.333333333333 0.416666666667 0.333333333333 0.0 0.0 0.0
0.333333333333 0.416666666667 0.375 0.0 0.0 0.0
0.333333333333 0.416666666667 0.416666666667 0.0 0.0 0.0
0.333333333333 0.416666666667 0.458333333333 0.0 0.0 0.0
0.333333333333 0.458333333333 0.0 0.0 0.0 0.0
0.333333333333 0.458333333333 0.0416666666667 0.0 0.0 0.0
0.333333333333 0.458333333333 0.0833333333333 0.0 0.0 0.0
0.333333333333 0.458333333333 0.125 0.0 0.0 0.0
0.333333333333 0.458333333333 0.166666666667 0.0 0.0 0.0
0.333333333333 0.458333333333 0.208333333333 0.0 0.0 0.0
0.333333333333 0.458333333333 0.25 0.0 0.0 0.0
0.333333333333 0.458333333333 0.291666666667 0.0 0.0 0.0
0.333333333333 0.458333333333 0.333333333333 0.0 0.0 0.0
0.333333333333 0.458333333333 0.375 0.0 0.0 0.0
0.333333333333 0.458333333333 0.416666666667 0.0 0.0 0.0
0.333333333333 0.458333333333 0.458333333333 0.0 0.0 0.0
0.375 0.0 0.0 0.0 0.0 0.0
0.375 0.0 0.0416666666667 0.0 0.0 0.0
0.375 0.0 0.0833333333333 0.0 0.0 0.0
0.375 0.0 0.125 0.0 0.0 0.0
0.375 0.0 0.166666666667 0.0 0.0 0.0
0.375 0.0 0.208333333333 0.0 0.0 0.0
0.375 0.0 0.25 0.0 0.0 0.0
0.375 0.0 0.291666666667 0.0 0.0 0.0
0.375 0.0 0.333333333333 0.0 0.0 0.0
0.375 0.0 0.375 0.0 0.0 0.0
0.375 0.0 0.416666666667 0.0 0.0 0.0
0.375 0.0 0.458333333333 0.0 0.0 0.0
0.375 0.0416666666667 0.0 0.0 0.0 0.0
0.375 0.0416666666667 0.0416666666667 0.0 0.0 0.0
0.375 0.0416666666667 0.0833333333333 0.0 0.0 0.0
0.375 0.0416666666667 0.125 0.0 0.0 0.0
0.375 0.0416666666667 0.166666666667 0.0 0.0 0.0
0.375 0.0416666666667 0.208333333333 0.0 0.0 0.0
0.375 0.0416666666667 0.25 0.0 0.0 0.0
0.375 0.0416666666667 0.291666666667 0.0 0.0 0.0
0.375 0.0416666666667 0.333333333333 0.0 0.0 0.0
0.375 0.0416666666667 0.375 0.0 0.0 0.0
0.375 0.0416666666667 0.416666666667 0.0 0.0 0.0
0.375 0.0416666666667 0.458333333333 0.0 0.0 0.0
0.375 0.0833333333333 0.0 0.0 0.0 0.0
0.375 0.0833333333333 0.0416666666667 0.0 0.0 0.0
0.375 0.0833333333333 0.0833333333333 0.0 0.0 0.0
0.375 0.0833333333333 0.125 0.0 0.0 0.0
0.375 0.0833333333333 0.166666666667 0.0 0.0 0.0
0.375 0.0833333333333 0.208333333333 0.0 0.0 0.0
0.375 0.0833333333333 0.25 0.0 0.0 0.0
0.375 0.0833333333333 0.291666666667 0.0 0.0 0.0
0.375 0.0833333333333 0.333333333333 0.0 0.0 0.0
0.375 0.0833333333333 0.375 0.0 0.0 0.0
0.375 0.0833333333333 0.416666666667 0.0 0.0 0.0
0.375 0.0833333333333 0.458333333333 0.0 0.0 0.0
0.375 0.125 0.0 0.0 0.0 0.0
0.375 0.125 0.0416666666667 0.0 0.0 0.0
0.375 0.125 0.0833333333333 0.0 0.0 0.0
0.375 0.125 0.125 0.0 0.0 0.0
0.375 0.125 0.166666666667 0.0 0.0 0.0
0.375 0.125 0.208333333333 0.0 0.0 0.0
0.375 0.125 0.25 0.0 0.0 0.0
0.375 0.125 0.291666666667 0.0 0.0 0.0
0.375 0.125 0.333333333333 0.0 0.0 0.0
0.375 0.125 0.375 0.0 0.0 0.0
0.375 0.125 0.416666666667 0.0 0.0 0.0
0.375 0.125 0.458333333333 0.0 0.0 0.0
0.375 0.166666666667 0.0 0.0 0.0 0.0
0.375 0.166666666667 0.0416666666667 0.0 0.0 0.0
0.375 0.166666666667 0.0833333333333 0.0 0.0 0.0
0.375 0.166666666667 0.125 0.0 0.0 0.0
0.375 0.166666666667 0.166666666667 0.0 0.0 0.0
0.375 0.166666666667 0.208333333333 0.0 0.0 0.0
0.375 0.166666666667 0.25 0.0 0.0 0.0
0.375 0.166666666667 0.291666666667 0.0 0.0 0.0
0.375 0.166666666667 0.333333333333 0.0 0.0 0.0
0.375 0.166666666667 0.375 0.0 0.0 0.0
0.375 0.166666666667 0.416666666667 0.0 0.0 0.0
0.375 0.166666666667 0.458333333333 0.0 0.0 0.0
0.375 0.208333333333 0.0 0.0 0.0 0.0
0.375 0.208333333333 0.0416666666667 0.0 0.0 0.0
0.375 0.208333333333 0.0833333333333 0.0 0.0 0.0
0.375 0.208333333333 0.125 0.0 0.0 0.0
0.375 0.208333333333 0.166666666667 0.0 0.0 0.0
0.375 0.208333333333 0.208333333333 0.0 0.0 0.0
0.375 0.208333333333 0.25 0.0 0.0 0.0
0.375 0.208333333333 0.291666666667 0.0 0.0 0.0
0.375 0.208333333333 0.333333333333 0.0 0.0 0.0
0.375 0.208333333333 0.375 0.0 0.0 0.0
0.375 0.208333333333 0.416666666667 0.0 0.0 0.0
0.375 0.208333333333 0.458333333333 0.0 0.0 0.0
0.375 0.25 0.0 0.0 0.0 0.0
0.375 0.25 0.0416666666667 0.0 0.0 0.0
0.375 0.25 0.0833333333333 0.0 0.0 0.0
0.375 0.25 0.125 0.0 0.0 0.0
0.375 0.25 0.166666666667 0.0 0.0 0.0
0.375 0.25 0.208333333333 0.0 0.0 0.0
0.375 0.25 0.25 0.0 0.0 0.0
0.375 0.25 0.291666666667 0.0 0.0 0.0
0.375 0.25 0.333333333333 0.0 0.0 0.0
0.375 0.25 0.375 0.0 0.0 0.0
0.375 0.25 0.416666666667 0.0 0.0 0.0
0.375 0.25 0.458333333333 0.0 0.0 0.0
0.375 0.291666666667 0.0 0.0 0.0 0.0
0.375 0.291666666667 0.0416666666667 0.0 0.0 0.0
0.375 0.291666666667 0.0833333333333 0.0 0.0 0.0
0.375 0.291666666667 0.125 0.0 0.0 0.0
0.375 0.291666666667 0.166666666667 0.0 0.0 0.0
0.375 0.291666666667 0.208333333333 0.0 0.0 0.0
0.375 0.291666666667 0.25 0.0 0.0 0.0
0.375 0.291666666667 0.291666666667 0.0 0.0 0.0
0.375 0.291666666667 0.333333333333 0.0 0.0 0.0
0.375 0.291666666667 0.375 0.0 0.0 0.0
0.375 0.291666666667 0.416666666667 0.0 0.0 0.0
0.375 0.291666666667 0.458333333333 0.0 0.0 0.0
0.375 0.333333333333 0.0 0.0 0.0 0.0
0.375 0.333333333333 0.0416666666667 0.0 0.0 0.0
0.375 0.333333333333 0.0833333333333 0.0 0.0 0.0
0.375 0.333333333333 0.125 0.0 0.0 0.0
0.375 0.333333333333 0.166666666667 0.0 0.0 0.0
0.375 0.333333333333 0.208333333333 0.0 0.0 0.0
0.375 0.333333333333 0.25 0.0 0.0 0.0
0.375 0.333333333333 0.291666666667 0.0 0.0 0.0
0.375 0.333333333333 0.333333333333 0.0 0.0 0.0
0.375 0.333333333333 0.375 0.0 0.0 0.0
0.375 0.333333333333 0.416666666667 0.0 0.0 0.0
0.375 0.333333333333 0.458333333333 0.0 0.0 0.0
0.375 0.375 0.0 0.0 0.0 0.0
0.375 0.375 0.0416666666667 0.0 0.0 0.0
0.375 0.375 0.0833333333333 0.0 0.0 0.0
0.375 0.375 0.125 0.0 0.0 0.0
0.375 0.375 0.166666666667 0.0 0.0 0.0
0.375 0.375 0.208333333333 0.0 0.0 0.0
0.375 0.375 0.25 0.0 0.0 0.0
0.375 0.375 0.291666666667 0.0 0.0 0.0
0.375 0.375 0.333333333333 0.0 0.0 0.0
0.375 0.375 0.375 0.0 0.0 0.0
0.375 0.375 0.416666666667 0.0 0.0 0.0
0.375 0.375 0.458333333333 0.0 0.0 0.0
0.375 0.416666666667 0.0 0.0 0.0 0.0
0.375 0.416666666667 0.0416666666667 0.0 0.0 0.0
0.375 0.416666666667 0.0833333333333 0.0 0.0 0.0
0.375 0.416666666667 0.125 0.0 0.0 0.0
0.375 0.416666666667 0.166666666667 0.0 0.0 0.0
0.375 0.416666666667 0.208333333333 0.0 0.0 0.0
0.375 0.416666666667 0.25 0.0 0.0 0.0
0.375 0.416666666667 0.291666666667 0.0 0.0 0.0
0.375 0.416666666667 0.333333333333 0.0 0.0 0.0
0.375 0.416666666667 0.375 0.0 0.0 0.0
0.375 0.416666666667 0.416666666667 0.0 0.0 0.0
0.375 0.416666666667 0.458333333333 0.0 0.0 0.0
0.375 0.458333333333 0.0 0.0 0.0 0.0
0.375 0.458333333333 0.0416666666667 0.0 0.0 0.0
0.375 0.458333333333 0.0833333333333 0.0 0.0 0.0
0.375 0.458333333333 0.125 0.0 0.0 0.0
0.375 0.458333333333 0.166666666667 0.0 0.0 0.0
0.375 0.458333333333 0.208333333333 0.0 0.0 0.0
0.375 0.458333333333 0.25 0.0 0.0 0.0
0.375 0.458333333333 0.291666666667 0.0 0.0 0.0
0.375 0.458333333333 0.333333333333 0.0 0.0 0.0
0.375 0.458333333333 0.375 0.0 0.0 0.0
0.375 0.458333333333 0.416666666667 0.0 0.0 0.0
0.375 0.458333333333 0.458333333333 0.0 0.0 0.0
0.416666666667 0.0 0.0 0.0 0.0 0.0
0.416666666667 0.0 0.0416666666667 0.0 0.0 0.0
0.416666666667 0.0 0.0833333333333 0.0 0.0 0.0
0.416666666667 0.0 0.125 0.0 0.0 0.0
0.416666666667 0.0 0.166666666667 0.0 0.0 0.0
0.416666666667 0.0 0.208333333333 0.0 0.0 0.0
0.416666666667 0.0 0.25 0.0 0.0 0.0
0.416666666667 0.0 0.291666666667 0.0 0.0 0.0
0.416666666667 0.0 0.333333333333 0.0 0.0 0.0
0.416666666667 0.0 0.375 0.0 0.0 0.0
0.416666666667 0.0 0.416666666667 0.0 0.0 0.0
0.416666666667 0.0 0.458333333333 0.0 0.0 0.0
0.416666666667 0.0416666666667 0.0 0.0 0.0 0.0
0.416666666667 0.0416666666667 0.0416666666667 0.0 0.0 0.0
0.416666666667 0.0416666666667 0.0833333333333 0.0 0.0 0.0
0.416666666667 0.0416666666667 0.125 0.0 0.0 0.0
0.416666666667 0.0416666666667 0.166666666667 0.0 0.0 0.0
0.416666666667 0.0416666666667 0.208333333333 0.0 0.0 0.0
0.416666666667 0.0416666666667 0.25 0.0 0.0 0.0
0.416666666667 0.0416666666667 0.291666666667 0.0 0.0 0.0
0.416666666667 0.0416666666667 0.333333333333 0.0 0.0 0.0
0.416666666667 0.0416666666667 0.375 0.0 0.0 0.0
0.416666666667 0.0416666666667 0.416666666667 0.0 0.0 0.0
0.416666666667 0.0416666666667 0.458333333333 0.0 0.0 0.0
0.416666666667 0.0833333333333 0.0 0.0 0.0 0.0
0.416666666667 0.0833333333333 0.0416666666667 0.0 0.0 0.0
0.416666666667 0.0833333333333 0.0833333333333 0.0 0.0 0.0
0.416666666667 0.0833333333333 0.125 0.0 0.0 0.0
0.416666666667 0.0833333333333 0.166666666667 0.0 0.0 0.0
0.416666666667 0.0833333333333 0.208333333333 0.0 0.0 0.0
0.416666666667 0.0833333333333 0.25 0.0 0.0 0.0
0.416666666667 0.0833333333333 0.291666666667 0.0 0.0 0.0
0.416666666667 0.0833333333333 0.333333333333 0.0 0.0 0.0
0.416666666667 0.0833333333333 0.375 0.0 0.0 0.0
0.416666666667 0.0833333333333 0.416666666667 0.0 0.0 0.0
0.416666666667 0.0833333333333 0.458333333333 0.0 0.0 0.0
0.416666666667 0.125 0.0 0.0 0.0 0.0
0.416666666667 0.125 0.0416666666667 0.0 0.0 0.0
0.416666666667 0.125 0.0833333333333 0.0 0.0 0.0
0.416666666667 0.125 0.125 0.0 0.0 0.0
0.416666666667 0.125 0.166666666667 0.0 0.0 0.0
0.416666666667 0.125 0.208333333333 0.0 0.0 0.0
0.416666666667 0.125 0.25 0.0 0.0 0.0
0.416666666667 0.125 0.291666666667 0.0 0.0 0.0
0.416666666667 0.125 0.333333333333 0.0 0.0 0.0
0.416666666667 0.125 0.375 0.0 0.0 0.0
0.416666666667 0.125 0.416666666667 0.0 0.0 0.0
0.416666666667 0.125 0.458333333333 0.0 0.0 0.0
0.416666666667 0.166666666667 0.0 0.0 0.0 0.0
0.416666666667 0.166666666667 0.0416666666667 0.0 0.0 0.0
0.416666666667 0.166666666667 0.0833333333333 0.0 0.0 0.0
0.416666666667 0.166666666667 0.125 0.0 0.0 0.0
0.416666666667 0.166666666667 0.166666666667 0.0 0.0 0.0
0.416666666667 0.166666666667 0.208333333333 0.0 0.0 0.0
0.416666666667 0.166666666667 0.25 0.0 0.0 0.0
0.416666666667 0.166666666667 0.291666666667 0.0 0.0 0.0
0.416666666667 0.166666666667 0.333333333333 0.0 0.0 0.0
0.416666666667 0.166666666667 0.375 0.0 0.0 0.0
0.416666666667 0.166666666667 0.416666666667 0.0 0.0 0.0
0.416666666667 0.166666666667 0.458333333333 0.0 0.0 0.0
0.416666666667 0.208333333333 0.0 0.0 0.0 0.0
0.416666666667 0.208333333333 0.0416666666667 0.0 0.0 0.0
0.416666666667 0.208333333333 0.0833333333333 0.0 0.0 0.0
0.416666666667 0.208333333333 0.125 0.0 0.0 0.0
0.416666666667 0.208333333333 0.166666666667 0.0 0.0 0.0
0.416666666667 0.208333333333 0.208333333333 0.0 0.0 0.0
0.416666666667 0.208333333333 0.25 0.0 0.0 0.0
0.416666666667 0.208333333333 0.291666666667 0.0 0.0 0.0
0.416666666667 0.208333333333 0.333333333333 0.0 0.0 0.0
0.416666666667 0.208333333333 0.375 0.0 0.0 0.0
0.416666666667 0.208333333333 0.416666666667 0.0 0.0 0.0
0.416666666667 0.208333333333 0.458333333333 0.0 0.0 0.0
0.416666666667 0.25 0.0 0.0 0.0 0.0
0.416666666667 0.25 0.0416666666667 0.0 0.0 0.0
0.416666666667 0.25 0.0833333333333 0.0 0.0 0.0
0.416666666667 0.25 0.125 0.0 0.0 0.0
0.416666666667 0.25 0.166666666667 0.0 0.0 0.0
0.416666666667 0.25 0.208333333333 0.0 0.0 0.0
0.416666666667 0.25 0.25 0.0 0.0 0.0
0.416666666667 0.25 0.291666666667 0.0 0.0 0.0
0.416666666667 0.25 0.333333333333 0.0 0.0 0.0
0.416666666667 0.25 0.375 0.0 0.0 0.0
0.416666666667 0.25 0.416666666667 0.0 0.0 0.0
0.416666666667 0.25 0.458333333333 0.0 0.0 0.0
0.416666666667 0.291666666667 0.0 0.0 0.0 0.0
0.416666666667 0.291666666667 0.0416666666667 0.0 0.0 0.0
0.416666666667 0.291666666667 0.0833333333333 0.0 0.0 0.0
0.416666666667 0.291666666667 0.125 0.0 0.0 0.0
0.416666666667 0.291666666667 0.166666666667 0.0 0.0 0.0
0.416666666667 0.291666666667 0.208333333333 0.0 0.0 0.0
0.416666666667 0.291666666667 0.25 0.0 0.0 0.0
0.416666666667 0.291666666667 0.291666666667 0.0 0.0 0.0
0.416666666667 0.291666666667 0.333333333333 0.0 0.0 0.0
0.416666666667 0.291666666667 0.375 0.0 0.0 0.0
0.416666666667 0.291666666667 0.416666666667 0.0 0.0 0.0
0.416666666667 0.291666666667 0.458333333333 0.0 0.0 0.0
0.416666666667 0.333333333333 0.0 0.0 0.0 0.0
0.416666666667 0.333333333333 0.0416666666667 0.0 0.0 0.0
0.416666666667 0.333333333333 0.0833333333333 0.0 0.0 0.0
0.416666666667 0.333333333333 0.125 0.0 0.0 0.0
0.416666666667 0.333333333333 0.166666666667 0.0 0.0 0.0
0.416666666667 0.333333333333 0.208333333333 0.0 0.0 0.0
0.416666666667 0.333333333333 0.25 0.0 0.0 0.0
0.416666666667 0.333333333333 0.291666666667 0.0 0.0 0.0
0.416666666667 0.333333333333 0.333333333333 0.0 0.0 0.0
0.416666666667 0.333333333333 0.375 0.0 0.0 0.0
0.416666666667 0.333333333333 0.416666666667 0.0 0.0 0.0
0.416666666667 0.333333333333 0.458333333333 0.0 0.0 0.0
0.416666666667 0.375 0.0 0.0 0.0 0.0
0.416666666667 0.375 0.0416666666667 0.0 0.0 0.0
0.416666666667 0.375 0.0833333333333 0.0 0.0 0.0
0.416666666667 0.375 0.125 0.0 0.0 0.0
0.416666666667 0.375 0.166666666667 0.0 0.0 0.0
0.416666666667 0.375 0.208333333333 0.0 0.0 0.0
0.416666666667 0.375 0.25 0.0 0.0 0.0
0.416666666667 0.375 0.291666666667 0.0 0.0 0.0
0.416666666667 0.375 0.333333333333 0.0 0.0 0.0
0.416666666667 0.375 0.375 0.0 0.0 0.0
0.416666666667 0.375 0.416666666667 0.0 0.0 0.0
0.416666666667 0.375 0.458333333333 0.0 0.0 0.0
0.416666666667 0.416666666667 0.0 0.0 0.0 0.0
0.416666666667 0.416666666667 0.0416666666667 0.0 0.0 0.0
0.416666666667 0.416666666667 0.0833333333333 0.0 0.0 0.0
0.416666666667 0.416666666667 0.125 0.0 0.0 0.0
0.416666666667 0.416666666667 0.166666666667 0.0 0.0 0.0
0.416666666667 0.416666666667 0.208333333333 0.0 0.0 0.0
0.416666666667 0.416666666667 0.25 0.0 0.0 0.0
0.416666666667 0.416666666667 0.291666666667 0.0 0.0 0.0
0.416666666667 0.416666666667 0.333333333333 0.0 0.0 0.0
0.416666666667 0.416666666667 0.375 0.0 0.0 0.0
0.416666666667 0.416666666667 0.416666666667 0.0 0.0 0.0
0.416666666667 0.416666666667 0.458333333333 0.0 0.0 0.0
0.416666666667 0.458333333333 0.0 0.0 0.0 0.0
0.416666666667 0.458333333333 0.0416666666667 0.0 0.0 0.0
0.416666666667 0.458333333333 0.0833333333333 0.0 0.0 0.0
0.416666666667 0.458333333333 0.125 0.0 0.0 0.0
0.416666666667 0.458333333333 0.166666666667 0.0 0.0 0.0
0.416666666667 0.458333333333 0.208333333333 0.0 0.0 0.0
0.416666666667 0.458333333333 0.25 0.0 0.0 0.0
0.416666666667 0.458333333333 0.291666666667 0.0 0.0 0.0
0.416666666667 0.458333333333 0.333333333333 0.0 0.0 0.0
0.416666666667 0.458333333333 0.375 0.0 0.0 0.0
0.416666666667 0.458333333333 0.416666666667 0.0 0.0 0.0
0.416666666667 0.458333333333 0.458333333333 0.0 0.0 0.0
0.458333333333 0.0 0.0 0.0 0.0 0.0
0.458333333333 0.0 0.0416666666667 0.0 0.0 0.0
0.458333333333 0.0 0.0833333333333 0.0 0.0 0.0
0.458333333333 0.0 0.125 0.0 0.0 0.0
0.458333333333 0.0 0.166666666667 0.0 0.0 0.0
0.458333333333 0.0 0.208333333333 0.0 0.0 0.0
0.458333333333 0.0 0.25 0.0 0.0 0.0
0.458333333333 0.0 0.291666666667 0.0 0.0 0.0
0.458333333333 0.0 0.333333333333 0.0 0.0 0.0
0.458333333333 0.0 0.375 0.0 0.0 0.0
0.458333333333 0.0 0.416666666667 0.0 0.0 0.0
0.458333333333 0.0 0.458333333333 0.0 0.0 0.0
0.458333333333 0.0416666666667 0.0 0.0 0.0 0.0
0.458333333333 0.0416666666667 0.0416666666667 0.0 0.0 0.0
0.458333333333 0.0416666666667 0.0833333333333 0.0 0.0 0.0
0.458333333333 0.0416666666667 0.125 0.0 0.0 0.0
0.458333333333 0.0416666666667 0.166666666667 0.0 0.0 0.0
0.458333333333 0.0416666666667 0.208333333333 0.0 0.0 0.0
0.458333333333 0.0416666666667 0.25 0.0 0.0 0.0
0.458333333333 0.0416666666667 0.291666666667 0.0 0.0 0.0
0.458333333333 0.0416666666667 0.333333333333 0.0 0.0 0.0
0.458333333333 0.0416666666667 0.375 0.0 0.0 0.0
0.458333333333 0.0416666666667 0.416666666667 0.0 0.0 0.0
0.458333333333 0.0416666666667 0.458333333333 0.0 0.0 0.0
0.458333333333 0.0833333333333 0.0 0.0 0.0 0.0
0.458333333333 0.0833333333333 0.0416666666667 0.0 0.0 0.0
0.458333333333 0.0833333333333 0.0833333333333 0.0 0.0 0.0
0.458333333333 0.0833333333333 0.125 0.0 0.0 0.0
0.458333333333 0.0833333333333 0.166666666667 0.0 0.0 0.0
0.458333333333 0.0833333333333 0.208333333333 0.0 0.0 0.0
0.458333333333 0.0833333333333 0.25 0.0 0.0 0.0
0.458333333333 0.0833333333333 0.291666666667 0.0 0.0 0.0
0.458333333333 0.0833333333333 0.333333333333 0.0 0.0 0.0
0.458333333333 0.0833333333333 0.375 0.0 0.0 0.0
0.458333333333 0.0833333333333 0.416666666667 0.0 0.0 0.0
0.458333333333 0.0833333333333 0.458333333333 0.0 0.0 0.0
0.458333333333 0.125 0.0 0.0 0.0 0.0
0.458333333333 0.125 0.0416666666667 0.0 0.0 0.0
0.458333333333 0.125 0.0833333333333 0.0 0.0 0.0
0.458333333333 0.125 0.125 0.0 0.0 0.0
0.458333333333 0.125 0.166666666667 0.0 0.0 0.0
0.458333333333 0.125 0.208333333333 0.0 0.0 0.0
0.458333333333 0.125 0.25 0.0 0.0 0.0
0.458333333333 0.125 0.291666666667 0.0 0.0 0.0
0.458333333333 0.125 0.333333333333 0.0 0.0 0.0
0.458333333333 0.125 0.375 0.0 0.0 0.0
0.458333333333 0.125 0.416666666667 0.0 0.0 0.0
0.458333333333 0.125 0.458333333333 0.0 0.0 0.0
0.458333333333 0.166666666667 0.0 0.0 0.0 0.0
0.458333333333 0.166666666667 0.0416666666667 0.0 0.0 0.0
0.458333333333 0.166666666667 0.0833333333333 0.0 0.0 0.0
0.458333333333 0.166666666667 0.125 0.0 0.0 0.0
0.458333333333 0.166666666667 0.166666666667 0.0 0.0 0.0
0.458333333333 0.166666666667 0.208333333333 0.0 0.0 0.0
0.458333333333 0.166666666667 0.25 0.0 0.0 0.0
0.458333333333 0.166666666667 0.291666666667 0.0 0.0 0.0
0.458333333333 0.166666666667 0.333333333333 0.0 0.0 0.0
0.458333333333 0.166666666667 0.375 0.0 0.0 0.0
0.458333333333 0.166666666667 0.416666666667 0.0 0.0 0.0
0.458333333333 0.166666666667 0.458333333333 0.0 0.0 0.0
0.458333333333 0.208333333333 0.0 0.0 0.0 0.0
0.458333333333 0.208333333333 0.0416666666667 0.0 0.0 0.0
0.458333333333 0.208333333333 0.0833333333333 0.0 0.0 0.0
0.458333333333 0.208333333333 0.125 0.0 0.0 0.0
0.458333333333 0.208333333333 0.166666666667 0.0 0.0 0.0
0.458333333333 0.208333333333 0.208333333333 0.0 0.0 0.0
0.458333333333 0.208333333333 0.25 0.0 0.0 0.0
0.458333333333 0.208333333333 0.291666666667 0.0 0.0 0.0
0.458333333333 0.208333333333 0.333333333333 0.0 0.0 0.0
0.458333333333 0.208333333333 0.375 0.0 0.0 0.0
0.458333333333 0.208333333333 0.416666666667 0.0 0.0 0.0
0.458333333333 0.208333333333 0.458333333333 0.0 0.0 0.0
0.458333333333 0.25 0.0 0.0 0.0 0.0
0.458333333333 0.25 0.0416666666667 0.0 0.0 0.0
0.458333333333 0.25 0.0833333333333 0.0 0.0 0.0
0.458333333333 0.25 0.125 0.0 0.0 0.0
0.458333333333 0.25 0.166666666667 0.0 0.0 0.0
0.458333333333 0.25 0.208333333333 0.0 0.0 0.0
0.458333333333 0.25 0.25 0.0 0.0 0.0
0.458333333333 0.25 0.291666666667 0.0 0.0 0.0
0.458333333333 0.25 0.333333333333 0.0 0.0 0.0
0.458333333333 0.25 0.375 0.0 0.0 0.0
0.458333333333 0.25 0.416666666667 0.0 0.0 0.0
0.458333333333 0.25 0.458333333333 0.0 0.0 0.0
0.458333333333 0.291666666667 0.0 0.0 0.0 0.0
0.458333333333 0.291666666667 0.0416666666667 0.0 0.0 0.0
0.458333333333 0.291666666667 0.0833333333333 0.0 0.0 0.0
0.458333333333 0.291666666667 0.125 0.0 0.0 0.0
0.458333333333 0.291666666667 0.166666666667 0.0 0.0 0.0
0.458333333333 0.291666666667 0.208333333333 0.0 0.0 0.0
0.458333333333 0.291666666667 0.25 0.0 0.0 0.0
0.458333333333 0.291666666667 0.291666666667 0.0 0.0 0.0
0.458333333333 0.291666666667 0.333333333333 0.0 0.0 0.0
0.458333333333 0.291666666667 0.375 0.0 0.0 0.0
0.458333333333 0.291666666667 0.416666666667 0.0 0.0 0.0
0.458333333333 0.291666666667 0.458333333333 0.0 0.0 0.0
0.458333333333 0.333333333333 0.0 0.0 0.0 0.0
0.458333333333 0.333333333333 0.0416666666667 0.0 0.0 0.0
0.458333333333 0.333333333333 0.0833333333333 0.0 0.0 0.0
0.458333333333 0.333333333333 0.125 0.0 0.0 0.0
0.458333333333 0.333333333333 0.166666666667 0.0 0.0 0.0
0.458333333333 0.333333333333 0.208333333333 0.0 0.0 0.0
0.458333333333 0.333333333333 0.25 0.0 0.0 0.0
0.458333333333 0.333333333333 0.291666666667 0.0 0.0 0.0
0.458333333333 0.333333333333 0.333333333333 0.0 0.0 0.0
0.458333333333 0.333333333333 0.375 0.0 0.0 0.0
0.458333333333 0.333333333333 0.416666666667 0.0 0.0 0.0
0.458333333333 0.333333333333 0.458333333333 0.0 0.0 0.0
0.458333333333 0.375 0.0 0.0 0.0 0.0
0.458333333333 0.375 0.0416666666667 0.0 0.0 0.0
0.458333333333 0.375 0.0833333333333 0.0 0.0 0.0
0.458333333333 0.375 0.125 0.0 0.0 0.0
0.458333333333 0.375 0.166666666667 0.0 0.0 0.0
0.458333333333 0.375 0.208333333333 0.0 0.0 0.0
0.458333333333 0.375 0.25 0.0 0.0 0.0
0.458333333333 0.375 0.291666666667 0.0 0.0 0.0
0.458333333333 0.375 0.333333333333 0.0 0.0 0.0
0.458333333333 0.375 0.375 0.0 0.0 0.0
0.458333333333 0.375 0.416666666667 0.0 0.0 0.0
0.458333333333 0.375 0.458333333333 0.0 0.0 0.0
0.458333333333 0.416666666667 0.0 0.0 0.0 0.0
0.458333333333 0.416666666667 0.0416666666667 0.0 0.0 0.0
0.458333333333 0.416666666667 0.0833333333333 0.0 0.0 0.0
0.458333333333 0.416666666667 0.125 0.0 0.0 0.0
0.458333333333 0.416666666667 0.166666666667 0.0 0.0 0.0
0.458333333333 0.416666666667 0.208333333333 0.0 0.0 0.0
0.458333333333 0.416666666667 0.25 0.0 0.0 0.0
0.458333333333 0.416666666667 0.291666666667 0.0 0.0 0.0
0.458333333333 0.416666666667 0.333333333333 0.0 0.0 0.0
0.458333333333 0.416666666667 0.375 0.0 0.0 0.0
0.458333333333 0.416666666667 0.416666666667 0.0 0.0 0.0
0.458333333333 0.416666666667 0.458333333333 0.0 0.0 0.0
0.458333333333 0.458333333333 0.0 0.0 0.0 0.0
0.458333333333 0.458333333333 0.0416666666667 0.0 0.0 0.0
0.458333333333 0.458333333333 0.0833333333333 0.0 0.0 0.0
0.458333333333 0.458333333333 0.125 0.0 0.0 0.0
0.458333333333 0.458333333333 0.166666666667 0.0 0.0 0.0
0.458333333333 0.458333333333 0.208333333333 0.0 0.0 0.0
0.458333333333 0.458333333333 0.25 0.0 0.0 0.0
0.458333333333 0.458333333333 0.291666666667 0.0 0.0 0.0
0.458333333333 0.458333333333 0.333333333333 0.0 0.0 0.0
0.458333333333 0.458333333333 0.375 0.0 0.0 0.0
0.458333333333 0.458333333333 0.416666666667 0.0 0.0 0.0
0.458333333333 0.458333333333 0.458333333333 0.0 0.0 0.0
