1500
1.0
0.05 0.05 0.05 0.0 0.0 0.0
0.05 0.05 0.105555555556 0.0 0.0 0.0
0.05 0.05 0.161111111111 0.0 0.0 0.0
0.05 0.05 0.216666666667 0.0 0.0 0.0
0.05 0.05 0.272222222222 0.0 0.0 0.0
0.05 0.05 0.327777777778 0.0 0.0 0.0
0.05 0.05 0.383333333333 0.0 0.0 0.0
0.05 0.05 0.438888888889 0.0 0.0 0.0
0.05 0.05 0.494444444444 0.0 0.0 0.0
0.05 0.05 0.55 0.0 0.0 0.0
0.05 0.103571428571 0.05 0.0 0.0 0.0
0.05 0.103571428571 0.105555555556 0.0 0.0 0.0
0.05 0.103571428571 0.161111111111 0.0 0.0 0.0
0.05 0.103571428571 0.216666666667 0.0 0.0 0.0
0.05 0.103571428571 0.272222222222 0.0 0.0 0.0
0.05 0.103571428571 0.327777777778 0.0 0.0 0.0
0.05 0.103571428571 0.383333333333 0.0 0.0 0.0
0.05 0.103571428571 0.438888888889 0.0 0.0 0.0
0.05 0.103571428571 0.494444444444 0.0 0.0 0.0
0.05 0.103571428571 0.55 0.0 0.0 0.0
0.05 0.157142857143 0.05 0.0 0.0 0.0
0.05 0.157142857143 0.105555555556 0.0 0.0 0.0
0.05 0.157142857143 0.161111111111 0.0 0.0 0.0
0.05 0.157142857143 0.216666666667 0.0 0.0 0.0
0.05 0.157142857143 0.272222222222 0.0 0.0 0.0
0.05 0.157142857143 0.327777777778 0.0 0.0 0.0
0.05 0.157142857143 0.383333333333 0.0 0.0 0.0
0.05 0.157142857143 0.438888888889 0.0 0.0 0.0
0.05 0.157142857143 0.494444444444 0.0 0.0 0.0
0.05 0.157142857143 0.55 0.0 0.0 0.0
0.05 0.210714285714 0.05 0.0 0.0 0.0
0.05 0.210714285714 0.105555555556 0.0 0.0 0.0
0.05 0.210714285714 0.161111111111 0.0 0.0 0.0
0.05 0.210714285714 0.216666666667 0.0 0.0 0.0
0.05 0.210714285714 0.272222222222 0.0 0.0 0.0
0.05 0.210714285714 0.327777777778 0.0 0.0 0.0
0.05 0.210714285714 0.383333333333 0.0 0.0 0.0
0.05 0.210714285714 0.438888888889 0.0 0.0 0.0
0.05 0.210714285714 0.494444444444 0.0 0.0 0.0
0.05 0.210714285714 0.55 0.0 0.0 0.0
0.05 0.264285714286 0.05 0.0 0.0 0.0
0.05 0.264285714286 0.105555555556 0.0 0.0 0.0
0.05 0.264285714286 0.161111111111 0.0 0.0 0.0
0.05 0.264285714286 0.216666666667 0.0 0.0 0.0
0.05 0.264285714286 0.272222222222 0.0 0.0 0.0
0.05 0.264285714286 0.327777777778 0.0 0.0 0.0
0.05 0.264285714286 0.383333333333 0.0 0.0 0.0
0.05 0.264285714286 0.438888888889 0.0 0.0 0.0
0.05 0.264285714286 0.494444444444 0.0 0.0 0.0
0.05 0.264285714286 0.55 0.0 0.0 0.0
0.05 0.317857142857 0.05 0.0 0.0 0.0
0.05 0.317857142857 0.105555555556 0.0 0.0 0.0
0.05 0.317857142857 0.161111111111 0.0 0.0 0.0
0.05 0.317857142857 0.216666666667 0.0 0.0 0.0
0.05 0.317857142857 0.272222222222 0.0 0.0 0.0
0.05 0.317857142857 0.327777777778 0.0 0.0 0.0
0.05 0.317857142857 0.383333333333 0.0 0.0 0.0
0.05 0.317857142857 0.438888888889 0.0 0.0 0.0
0.05 0.317857142857 0.494444444444 0.0 0.0 0.0
0.05 0.317857142857 0.55 0.0 0.0 0.0
0.05 0.371428571429 0.05 0.0 0.0 0.0
0.05 0.371428571429 0.105555555556 0.0 0.0 0.0
0.05 0.371428571429 0.161111111111 0.0 0.0 0.0
0.05 0.371428571429 0.216666666667 0.0 0.0 0.0
0.05 0.371428571429 0.272222222222 0.0 0.0 0.0
0.05 0.371428571429 0.327777777778 0.0 0.0 0.0
0.05 0.371428571429 0.383333333333 0.0 0.0 0.0
0.05 0.371428571429 0.438888888889 0.0 0.0 0.0
0.05 0.371428571429 0.494444444444 0.0 0.0 0.0
0.05 0.371428571429 0.55 0.0 0.0 0.0
0.05 0.425 0.05 0.0 0.0 0.0
0.05 0.425 0.105555555556 0.0 0.0 0.0
0.05 0.425 0.161111111111 0.0 0.0 0.0
0.05 0.425 0.216666666667 0.0 0.0 0.0
0.05 0.425 0.272222222222 0.0 0.0 0.0
0.05 0.425 0.327777777778 0.0 0.0 0.0
0.05 0.425 0.383333333333 0.0 0.0 0.0
0.05 0.425 0.438888888889 0.0 0.0 0.0
0.05 0.425 0.494444444444 0.0 0.0 0.0
0.05 0.425 0.55 0.0 0.0 0.0
0.05 0.478571428571 0.05 0.0 0.0 0.0
0.05 0.478571428571 0.105555555556 0.0 0.0 0.0
0.05 0.478571428571 0.161111111111 0.0 0.0 0.0
0.05 0.478571428571 0.216666666667 0.0 0.0 0.0
0.05 0.478571428571 0.272222222222 0.0 0.0 0.0
0.05 0.478571428571 0.327777777778 0.0 0.0 0.0
0.05 0.478571428571 0.383333333333 0.0 0.0 0.0
0.05 0.478571428571 0.438888888889 0.0 0.0 0.0
0.05 0.478571428571 0.494444444444 0.0 0.0 0.0
0.05 0.478571428571 0.55 0.0 0.0 0.0
0.05 0.532142857143 0.05 0.0 0.0 0.0
0.05 0.532142857143 0.105555555556 0.0 0.0 0.0
0.05 0.532142857143 0.161111111111 0.0 0.0 0.0
0.05 0.532142857143 0.216666666667 0.0 0.0 0.0
0.05 0.532142857143 0.272222222222 0.0 0.0 0.0
0.05 0.532142857143 0.327777777778 0.0 0.0 0.0
0.05 0.532142857143 0.383333333333 0.0 0.0 0.0
0.05 0.532142857143 0.438888888889 0.0 0.0 0.0
0.05 0.532142857143 0.494444444444 0.0 0.0 0.0
0.05 0.532142857143 0.55 0.0 0.0 0.0
0.05 0.585714285714 0.05 0.0 0.0 0.0
0.05 0.585714285714 0.105555555556 0.0 0.0 0.0
0.05 0.585714285714 0.161111111111 0.0 0.0 0.0
0.05 0.585714285714 0.216666666667 0.0 0.0 0.0
0.05 0.585714285714 0.272222222222 0.0 0.0 0.0
0.05 0.585714285714 0.327777777778 0.0 0.0 0.0
0.05 0.585714285714 0.383333333333 0.0 0.0 0.0
0.05 0.585714285714 0.438888888889 0.0 0.0 0.0
0.05 0.585714285714 0.494444444444 0.0 0.0 0.0
0.05 0.585714285714 0.55 0.0 0.0 0.0
0.05 0.639285714286 0.05 0.0 0.0 0.0
0.05 0.639285714286 0.105555555556 0.0 0.0 0.0
0.05 0.639285714286 0.161111111111 0.0 0.0 0.0
0.05 0.639285714286 0.216666666667 0.0 0.0 0.0
0.05 0.639285714286 0.272222222222 0.0 0.0 0.0
0.05 0.639285714286 0.327777777778 0.0 0.0 0.0
0.05 0.639285714286 0.383333333333 0.0 0.0 0.0
0.05 0.639285714286 0.438888888889 0.0 0.0 0.0
0.05 0.639285714286 0.494444444444 0.0 0.0 0.0
0.05 0.639285714286 0.55 0.0 0.0 0.0
0.05 0.692857142857 0.05 0.0 0.0 0.0
0.05 0.692857142857 0.105555555556 0.0 0.0 0.0
0.05 0.692857142857 0.161111111111 0.0 0.0 0.0
0.05 0.692857142857 0.216666666667 0.0 0.0 0.0
0.05 0.692857142857 0.272222222222 0.0 0.0 0.0
0.05 0.692857142857 0.327777777778 0.0 0.0 0.0
0.05 0.692857142857 0.383333333333 0.0 0.0 0.0
0.05 0.692857142857 0.438888888889 0.0 0.0 0.0
0.05 0.692857142857 0.494444444444 0.0 0.0 0.0
0.05 0.692857142857 0.55 0.0 0.0 0.0
0.05 0.746428571429 0.05 0.0 0.0 0.0
0.05 0.746428571429 0.105555555556 0.0 0.0 0.0
0.05 0.746428571429 0.161111111111 0.0 0.0 0.0
0.05 0.746428571429 0.216666666667 0.0 0.0 0.0
0.05 0.746428571429 0.272222222222 0.0 0.0 0.0
0.05 0.746428571429 0.327777777778 0.0 0.0 0.0
0.05 0.746428571429 0.383333333333 0.0 0.0 0.0
0.05 0.746428571429 0.438888888889 0.0 0.0 0.0
0.05 0.746428571429 0.494444444444 0.0 0.0 0.0
0.05 0.746428571429 0.55 0.0 0.0 0.0
0.05 0.8 0.05 0.0 0.0 0.0
0.05 0.8 0.105555555556 0.0 0.0 0.0
0.05 0.8 0.161111111111 0.0 0.0 0.0
0.05 0.8 0.216666666667 0.0 0.0 0.0
0.05 0.8 0.272222222222 0.0 0.0 0.0
0.05 0.8 0.327777777778 0.0 0.0 0.0
0.05 0.8 0.383333333333 0.0 0.0 0.0
0.05 0.8 0.438888888889 0.0 0.0 0.0
0.05 0.8 0.494444444444 0.0 0.0 0.0
0.05 0.8 0.55 0.0 0.0 0.0
0.105555555556 0.05 0.05 0.0 0.0 0.0
0.105555555556 0.05 0.105555555556 0.0 0.0 0.0
0.105555555556 0.05 0.161111111111 0.0 0.0 0.0
0.105555555556 0.05 0.216666666667 0.0 0.0 0.0
0.105555555556 0.05 0.272222222222 0.0 0.0 0.0
0.105555555556 0.05 0.327777777778 0.0 0.0 0.0
0.105555555556 0.05 0.383333333333 0.0 0.0 0.0
0.105555555556 0.05 0.438888888889 0.0 0.0 0.0
0.105555555556 0.05 0.494444444444 0.0 0.0 0.0
0.105555555556 0.05 0.55 0.0 0.0 0.0
0.105555555556 0.103571428571 0.05 0.0 0.0 0.0
0.105555555556 0.103571428571 0.105555555556 0.0 0.0 0.0
0.105555555556 0.103571428571 0.161111111111 0.0 0.0 0.0
0.105555555556 0.103571428571 0.216666666667 0.0 0.0 0.0
0.105555555556 0.103571428571 0.272222222222 0.0 0.0 0.0
0.105555555556 0.103571428571 0.327777777778 0.0 0.0 0.0
0.105555555556 0.103571428571 0.383333333333 0.0 0.0 0.0
0.105555555556 0.103571428571 0.438888888889 0.0 0.0 0.0
0.105555555556 0.103571428571 0.494444444444 0.0 0.0 0.0
0.105555555556 0.103571428571 0.55 0.0 0.0 0.0
0.105555555556 0.157142857143 0.05 0.0 0.0 0.0
0.105555555556 0.157142857143 0.105555555556 0.0 0.0 0.0
0.105555555556 0.157142857143 0.161111111111 0.0 0.0 0.0
0.105555555556 0.157142857143 0.216666666667 0.0 0.0 0.0
0.105555555556 0.157142857143 0.272222222222 0.0 0.0 0.0
0.105555555556 0.157142857143 0.327777777778 0.0 0.0 0.0
0.105555555556 0.157142857143 0.383333333333 0.0 0.0 0.0
0.105555555556 0.157142857143 0.438888888889 0.0 0.0 0.0
0.105555555556 0.157142857143 0.494444444444 0.0 0.0 0.0
0.105555555556 0.157142857143 0.55 0.0 0.0 0.0
0.105555555556 0.210714285714 0.05 0.0 0.0 0.0
0.105555555556 0.210714285714 0.105555555556 0.0 0.0 0.0
0.105555555556 0.210714285714 0.161111111111 0.0 0.0 0.0
0.105555555556 0.210714285714 0.216666666667 0.0 0.0 0.0
0.105555555556 0.210714285714 0.272222222222 0.0 0.0 0.0
0.105555555556 0.210714285714 0.327777777778 0.0 0.0 0.0
0.105555555556 0.210714285714 0.383333333333 0.0 0.0 0.0
0.105555555556 0.210714285714 0.438888888889 0.0 0.0 0.0
0.105555555556 0.210714285714 0.494444444444 0.0 0.0 0.0
0.105555555556 0.210714285714 0.55 0.0 0.0 0.0
0.105555555556 0.264285714286 0.05 0.0 0.0 0.0
0.105555555556 0.264285714286 0.105555555556 0.0 0.0 0.0
0.105555555556 0.264285714286 0.161111111111 0.0 0.0 0.0
0.105555555556 0.264285714286 0.216666666667 0.0 0.0 0.0
0.105555555556 0.264285714286 0.272222222222 0.0 0.0 0.0
0.105555555556 0.264285714286 0.327777777778 0.0 0.0 0.0
0.105555555556 0.264285714286 0.383333333333 0.0 0.0 0.0
0.105555555556 0.264285714286 0.438888888889 0.0 0.0 0.0
0.105555555556 0.264285714286 0.494444444444 0.0 0.0 0.0
0.105555555556 0.264285714286 0.55 0.0 0.0 0.0
0.105555555556 0.317857142857 0.05 0.0 0.0 0.0
0.105555555556 0.317857142857 0.105555555556 0.0 0.0 0.0
0.105555555556 0.317857142857 0.161111111111 0.0 0.0 0.0
0.105555555556 0.317857142857 0.216666666667 0.0 0.0 0.0
0.105555555556 0.317857142857 0.272222222222 0.0 0.0 0.0
0.105555555556 0.317857142857 0.327777777778 0.0 0.0 0.0
0.105555555556 0.317857142857 0.383333333333 0.0 0.0 0.0
0.105555555556 0.317857142857 0.438888888889 0.0 0.0 0.0
0.105555555556 0.317857142857 0.494444444444 0.0 0.0 0.0
0.105555555556 0.317857142857 0.55 0.0 0.0 0.0
0.105555555556 0.371428571429 0.05 0.0 0.0 0.0
0.105555555556 0.371428571429 0.105555555556 0.0 0.0 0.0
0.105555555556 0.371428571429 0.161111111111 0.0 0.0 0.0
0.105555555556 0.371428571429 0.216666666667 0.0 0.0 0.0
0.105555555556 0.371428571429 0.272222222222 0.0 0.0 0.0
0.105555555556 0.371428571429 0.327777777778 0.0 0.0 0.0
0.105555555556 0.371428571429 0.383333333333 0.0 0.0 0.0
0.105555555556 0.371428571429 0.438888888889 0.0 0.0 0.0
0.105555555556 0.371428571429 0.494444444444 0.0 0.0 0.0
0.105555555556 0.371428571429 0.55 0.0 0.0 0.0
0.105555555556 0.425 0.05 0.0 0.0 0.0
0.105555555556 0.425 0.105555555556 0.0 0.0 0.0
0.105555555556 0.425 0.161111111111 0.0 0.0 0.0
0.105555555556 0.425 0.216666666667 0.0 0.0 0.0
0.105555555556 0.425 0.272222222222 0.0 0.0 0.0
0.105555555556 0.425 0.327777777778 0.0 0.0 0.0
0.105555555556 0.425 0.383333333333 0.0 0.0 0.0
0.105555555556 0.425 0.438888888889 0.0 0.0 0.0
0.105555555556 0.425 0.494444444444 0.0 0.0 0.0
0.105555555556 0.425 0.55 0.0 0.0 0.0
0.105555555556 0.478571428571 0.05 0.0 0.0 0.0
0.105555555556 0.478571428571 0.105555555556 0.0 0.0 0.0
0.105555555556 0.478571428571 0.161111111111 0.0 0.0 0.0
0.105555555556 0.478571428571 0.216666666667 0.0 0.0 0.0
0.105555555556 0.478571428571 0.272222222222 0.0 0.0 0.0
0.105555555556 0.478571428571 0.327777777778 0.0 0.0 0.0
0.105555555556 0.478571428571 0.383333333333 0.0 0.0 0.0
0.105555555556 0.478571428571 0.438888888889 0.0 0.0 0.0
0.105555555556 0.478571428571 0.494444444444 0.0 0.0 0.0
0.105555555556 0.478571428571 0.55 0.0 0.0 0.0
0.105555555556 0.532142857143 0.05 0.0 0.0 0.0
0.105555555556 0.532142857143 0.105555555556 0.0 0.0 0.0
0.105555555556 0.532142857143 0.161111111111 0.0 0.0 0.0
0.105555555556 0.532142857143 0.216666666667 0.0 0.0 0.0
0.105555555556 0.532142857143 0.272222222222 0.0 0.0 0.0
0.105555555556 0.532142857143 0.327777777778 0.0 0.0 0.0
0.105555555556 0.532142857143 0.383333333333 0.0 0.0 0.0
0.105555555556 0.532142857143 0.438888888889 0.0 0.0 0.0
0.105555555556 0.532142857143 0.494444444444 0.0 0.0 0.0
0.105555555556 0.532142857143 0.55 0.0 0.0 0.0
0.105555555556 0.585714285714 0.05 0.0 0.0 0.0
0.105555555556 0.585714285714 0.105555555556 0.0 0.0 0.0
0.105555555556 0.585714285714 0.161111111111 0.0 0.0 0.0
0.105555555556 0.585714285714 0.216666666667 0.0 0.0 0.0
0.105555555556 0.585714285714 0.272222222222 0.0 0.0 0.0
0.105555555556 0.585714285714 0.327777777778 0.0 0.0 0.0
0.105555555556 0.585714285714 0.383333333333 0.0 0.0 0.0
0.105555555556 0.585714285714 0.438888888889 0.0 0.0 0.0
0.105555555556 0.585714285714 0.494444444444 0.0 0.0 0.0
0.105555555556 0.585714285714 0.55 0.0 0.0 0.0
0.105555555556 0.639285714286 0.05 0.0 0.0 0.0
0.105555555556 0.639285714286 0.105555555556 0.0 0.0 0.0
0.105555555556 0.639285714286 0.161111111111 0.0 0.0 0.0
0.105555555556 0.639285714286 0.216666666667 0.0 0.0 0.0
0.105555555556 0.639285714286 0.272222222222 0.0 0.0 0.0
0.105555555556 0.639285714286 0.327777777778 0.0 0.0 0.0
0.105555555556 0.639285714286 0.383333333333 0.0 0.0 0.0
0.105555555556 0.639285714286 0.438888888889 0.0 0.0 0.0
0.105555555556 0.639285714286 0.494444444444 0.0 0.0 0.0
0.105555555556 0.639285714286 0.55 0.0 0.0 0.0
0.105555555556 0.692857142857 0.05 0.0 0.0 0.0
0.105555555556 0.692857142857 0.105555555556 0.0 0.0 0.0
0.105555555556 0.692857142857 0.161111111111 0.0 0.0 0.0
0.105555555556 0.692857142857 0.216666666667 0.0 0.0 0.0
0.105555555556 0.692857142857 0.272222222222 0.0 0.0 0.0
0.105555555556 0.692857142857 0.327777777778 0.0 0.0 0.0
0.105555555556 0.692857142857 0.383333333333 0.0 0.0 0.0
0.105555555556 0.692857142857 0.438888888889 0.0 0.0 0.0
0.105555555556 0.692857142857 0.494444444444 0.0 0.0 0.0
0.105555555556 0.692857142857 0.55 0.0 0.0 0.0
0.105555555556 0.746428571429 0.05 0.0 0.0 0.0
0.105555555556 0.746428571429 0.105555555556 0.0 0.0 0.0
0.105555555556 0.746428571429 0.161111111111 0.0 0.0 0.0
0.105555555556 0.746428571429 0.216666666667 0.0 0.0 0.0
0.105555555556 0.746428571429 0.272222222222 0.0 0.0 0.0
0.105555555556 0.746428571429 0.327777777778 0.0 0.0 0.0
0.105555555556 0.746428571429 0.383333333333 0.0 0.0 0.0
0.105555555556 0.746428571429 0.438888888889 0.0 0.0 0.0
0.105555555556 0.746428571429 0.494444444444 0.0 0.0 0.0
0.105555555556 0.746428571429 0.55 0.0 0.0 0.0
0.105555555556 0.8 0.05 0.0 0.0 0.0
0.105555555556 0.8 0.105555555556 0.0 0.0 0.0
0.105555555556 0.8 0.161111111111 0.0 0.0 0.0
0.105555555556 0.8 0.216666666667 0.0 0.0 0.0
0.105555555556 0.8 0.272222222222 0.0 0.0 0.0
0.105555555556 0.8 0.327777777778 0.0 0.0 0.0
0.105555555556 0.8 0.383333333333 0.0 0.0 0.0
0.105555555556 0.8 0.438888888889 0.0 0.0 0.0
0.105555555556 0.8 0.494444444444 0.0 0.0 0.0
0.105555555556 0.8 0.55 0.0 0.0 0.0
0.161111111111 0.05 0.05 0.0 0.0 0.0
0.161111111111 0.05 0.105555555556 0.0 0.0 0.0
0.161111111111 0.05 0.161111111111 0.0 0.0 0.0
0.161111111111 0.05 0.216666666667 0.0 0.0 0.0
0.161111111111 0.05 0.272222222222 0.0 0.0 0.0
0.161111111111 0.05 0.327777777778 0.0 0.0 0.0
0.161111111111 0.05 0.383333333333 0.0 0.0 0.0
0.161111111111 0.05 0.438888888889 0.0 0.0 0.0
0.161111111111 0.05 0.494444444444 0.0 0.0 0.0
0.161111111111 0.05 0.55 0.0 0.0 0.0
0.161111111111 0.103571428571 0.05 0.0 0.0 0.0
0.161111111111 0.103571428571 0.105555555556 0.0 0.0 0.0
0.161111111111 0.103571428571 0.161111111111 0.0 0.0 0.0
0.161111111111 0.103571428571 0.216666666667 0.0 0.0 0.0
0.161111111111 0.103571428571 0.272222222222 0.0 0.0 0.0
0.161111111111 0.103571428571 0.327777777778 0.0 0.0 0.0
0.161111111111 0.103571428571 0.383333333333 0.0 0.0 0.0
0.161111111111 0.103571428571 0.438888888889 0.0 0.0 0.0
0.161111111111 0.103571428571 0.494444444444 0.0 0.0 0.0
0.161111111111 0.103571428571 0.55 0.0 0.0 0.0
0.161111111111 0.157142857143 0.05 0.0 0.0 0.0
0.161111111111 0.157142857143 0.105555555556 0.0 0.0 0.0
0.161111111111 0.157142857143 0.161111111111 0.0 0.0 0.0
0.161111111111 0.157142857143 0.216666666667 0.0 0.0 0.0
0.161111111111 0.157142857143 0.272222222222 0.0 0.0 0.0
0.161111111111 0.157142857143 0.327777777778 0.0 0.0 0.0
0.161111111111 0.157142857143 0.383333333333 0.0 0.0 0.0
0.161111111111 0.157142857143 0.438888888889 0.0 0.0 0.0
0.161111111111 0.157142857143 0.494444444444 0.0 0.0 0.0
0.161111111111 0.157142857143 0.55 0.0 0.0 0.0
0.161111111111 0.210714285714 0.05 0.0 0.0 0.0
0.161111111111 0.210714285714 0.105555555556 0.0 0.0 0.0
0.161111111111 0.210714285714 0.161111111111 0.0 0.0 0.0
0.161111111111 0.210714285714 0.216666666667 0.0 0.0 0.0
0.161111111111 0.210714285714 0.272222222222 0.0 0.0 0.0
0.161111111111 0.210714285714 0.327777777778 0.0 0.0 0.0
0.161111111111 0.210714285714 0.383333333333 0.0 0.0 0.0
0.161111111111 0.210714285714 0.438888888889 0.0 0.0 0.0
0.161111111111 0.210714285714 0.494444444444 0.0 0.0 0.0
0.161111111111 0.210714285714 0.55 0.0 0.0 0.0
0.161111111111 0.264285714286 0.05 0.0 0.0 0.0
0.161111111111 0.264285714286 0.105555555556 0.0 0.0 0.0
0.161111111111 0.264285714286 0.161111111111 0.0 0.0 0.0
0.161111111111 0.264285714286 0.216666666667 0.0 0.0 0.0
0.161111111111 0.264285714286 0.272222222222 0.0 0.0 0.0
0.161111111111 0.264285714286 0.327777777778 0.0 0.0 0.0
0.161111111111 0.264285714286 0.383333333333 0.0 0.0 0.0
0.161111111111 0.264285714286 0.438888888889 0.0 0.0 0.0
0.161111111111 0.264285714286 0.494444444444 0.0 0.0 0.0
0.161111111111 0.264285714286 0.55 0.0 0.0 0.0
0.161111111111 0.317857142857 0.05 0.0 0.0 0.0
0.161111111111 0.317857142857 0.105555555556 0.0 0.0 0.0
0.161111111111 0.317857142857 0.161111111111 0.0 0.0 0.0
0.161111111111 0.317857142857 0.216666666667 0.0 0.0 0.0
0.161111111111 0.317857142857 0.272222222222 0.0 0.0 0.0
0.161111111111 0.317857142857 0.327777777778 0.0 0.0 0.0
0.161111111111 0.317857142857 0.383333333333 0.0 0.0 0.0
0.161111111111 0.317857142857 0.438888888889 0.0 0.0 0.0
0.161111111111 0.317857142857 0.494444444444 0.0 0.0 0.0
0.161111111111 0.317857142857 0.55 0.0 0.0 0.0
0.161111111111 0.371428571429 0.05 0.0 0.0 0.0
0.161111111111 0.371428571429 0.105555555556 0.0 0.0 0.0
0.161111111111 0.371428571429 0.161111111111 0.0 0.0 0.0
0.161111111111 0.371428571429 0.216666666667 0.0 0.0 0.0
0.161111111111 0.371428571429 0.272222222222 0.0 0.0 0.0
0.161111111111 0.371428571429 0.327777777778 0.0 0.0 0.0
0.161111111111 0.371428571429 0.383333333333 0.0 0.0 0.0
0.161111111111 0.371428571429 0.438888888889 0.0 0.0 0.0
0.161111111111 0.371428571429 0.494444444444 0.0 0.0 0.0
0.161111111111 0.371428571429 0.55 0.0 0.0 0.0
0.161111111111 0.425 0.05 0.0 0.0 0.0
0.161111111111 0.425 0.105555555556 0.0 0.0 0.0
0.161111111111 0.425 0.161111111111 0.0 0.0 0.0
0.161111111111 0.425 0.216666666667 0.0 0.0 0.0
0.161111111111 0.425 0.272222222222 0.0 0.0 0.0
0.161111111111 0.425 0.327777777778 0.0 0.0 0.0
0.161111111111 0.425 0.383333333333 0.0 0.0 0.0
0.161111111111 0.425 0.438888888889 0.0 0.0 0.0
0.161111111111 0.425 0.494444444444 0.0 0.0 0.0
0.161111111111 0.425 0.55 0.0 0.0 0.0
0.161111111111 0.478571428571 0.05 0.0 0.0 0.0
0.161111111111 0.478571428571 0.105555555556 0.0 0.0 0.0
0.161111111111 0.478571428571 0.161111111111 0.0 0.0 0.0
0.161111111111 0.478571428571 0.216666666667 0.0 0.0 0.0
0.161111111111 0.478571428571 0.272222222222 0.0 0.0 0.0
0.161111111111 0.478571428571 0.327777777778 0.0 0.0 0.0
0.161111111111 0.478571428571 0.383333333333 0.0 0.0 0.0
0.161111111111 0.478571428571 0.438888888889 0.0 0.0 0.0
0.161111111111 0.478571428571 0.494444444444 0.0 0.0 0.0
0.161111111111 0.478571428571 0.55 0.0 0.0 0.0
0.161111111111 0.532142857143 0.05 0.0 0.0 0.0
0.161111111111 0.532142857143 0.105555555556 0.0 0.0 0.0
0.161111111111 0.532142857143 0.161111111111 0.0 0.0 0.0
0.161111111111 0.532142857143 0.216666666667 0.0 0.0 0.0
0.161111111111 0.532142857143 0.272222222222 0.0 0.0 0.0
0.161111111111 0.532142857143 0.327777777778 0.0 0.0 0.0
0.161111111111 0.532142857143 0.383333333333 0.0 0.0 0.0
0.161111111111 0.532142857143 0.438888888889 0.0 0.0 0.0
0.161111111111 0.532142857143 0.494444444444 0.0 0.0 0.0
0.161111111111 0.532142857143 0.55 0.0 0.0 0.0
0.161111111111 0.585714285714 0.05 0.0 0.0 0.0
0.161111111111 0.585714285714 0.105555555556 0.0 0.0 0.0
0.161111111111 0.585714285714 0.161111111111 0.0 0.0 0.0
0.161111111111 0.585714285714 0.216666666667 0.0 0.0 0.0
0.161111111111 0.585714285714 0.272222222222 0.0 0.0 0.0
0.161111111111 0.585714285714 0.327777777778 0.0 0.0 0.0
0.161111111111 0.585714285714 0.383333333333 0.0 0.0 0.0
0.161111111111 0.585714285714 0.438888888889 0.0 0.0 0.0
0.161111111111 0.585714285714 0.494444444444 0.0 0.0 0.0
0.161111111111 0.585714285714 0.55 0.0 0.0 0.0
0.161111111111 0.639285714286 0.05 0.0 0.0 0.0
0.161111111111 0.639285714286 0.105555555556 0.0 0.0 0.0
0.161111111111 0.639285714286 0.161111111111 0.0 0.0 0.0
0.161111111111 0.639285714286 0.216666666667 0.0 0.0 0.0
0.161111111111 0.639285714286 0.272222222222 0.0 0.0 0.0
0.161111111111 0.639285714286 0.327777777778 0.0 0.0 0.0
0.161111111111 0.639285714286 0.383333333333 0.0 0.0 0.0
0.161111111111 0.639285714286 0.438888888889 0.0 0.0 0.0
0.161111111111 0.639285714286 0.494444444444 0.0 0.0 0.0
0.161111111111 0.639285714286 0.55 0.0 0.0 0.0
0.161111111111 0.692857142857 0.05 0.0 0.0 0.0
0.161111111111 0.692857142857 0.105555555556 0.0 0.0 0.0
0.161111111111 0.692857142857 0.161111111111 0.0 0.0 0.0
0.161111111111 0.692857142857 0.216666666667 0.0 0.0 0.0
0.161111111111 0.692857142857 0.272222222222 0.0 0.0 0.0
0.161111111111 0.692857142857 0.327777777778 0.0 0.0 0.0
0.161111111111 0.692857142857 0.383333333333 0.0 0.0 0.0
0.161111111111 0.692857142857 0.438888888889 0.0 0.0 0.0
0.161111111111 0.692857142857 0.494444444444 0.0 0.0 0.0
0.161111111111 0.692857142857 0.55 0.0 0.0 0.0
0.161111111111 0.746428571429 0.05 0.0 0.0 0.0
0.161111111111 0.746428571429 0.105555555556 0.0 0.0 0.0
0.161111111111 0.746428571429 0.161111111111 0.0 0.0 0.0
0.161111111111 0.746428571429 0.216666666667 0.0 0.0 0.0
0.161111111111 0.746428571429 0.272222222222 0.0 0.0 0.0
0.161111111111 0.746428571429 0.327777777778 0.0 0.0 0.0
0.161111111111 0.746428571429 0.383333333333 0.0 0.0 0.0
0.161111111111 0.746428571429 0.438888888889 0.0 0.0 0.0
0.161111111111 0.746428571429 0.494444444444 0.0 0.0 0.0
0.161111111111 0.746428571429 0.55 0.0 0.0 0.0
0.161111111111 0.8 0.05 0.0 0.0 0.0
0.161111111111 0.8 0.105555555556 0.0 0.0 0.0
0.161111111111 0.8 0.161111111111 0.0 0.0 0.0
0.161111111111 0.8 0.216666666667 0.0 0.0 0.0
0.161111111111 0.8 0.272222222222 0.0 0.0 0.0
0.161111111111 0.8 0.327777777778 0.0 0.0 0.0
0.161111111111 0.8 0.383333333333 0.0 0.0 0.0
0.161111111111 0.8 0.438888888889 0.0 0.0 0.0
0.161111111111 0.8 0.494444444444 0.0 0.0 0.0
0.161111111111 0.8 0.55 0.0 0.0 0.0
0.216666666667 0.05 0.05 0.0 0.0 0.0
0.216666666667 0.05 0.105555555556 0.0 0.0 0.0
0.216666666667 0.05 0.161111111111 0.0 0.0 0.0
0.216666666667 0.05 0.216666666667 0.0 0.0 0.0
0.216666666667 0.05 0.272222222222 0.0 0.0 0.0
0.216666666667 0.05 0.327777777778 0.0 0.0 0.0
0.216666666667 0.05 0.383333333333 0.0 0.0 0.0
0.216666666667 0.05 0.438888888889 0.0 0.0 0.0
0.216666666667 0.05 0.494444444444 0.0 0.0 0.0
0.216666666667 0.05 0.55 0.0 0.0 0.0
0.216666666667 0.103571428571 0.05 0.0 0.0 0.0
0.216666666667 0.103571428571 0.105555555556 0.0 0.0 0.0
0.216666666667 0.103571428571 0.161111111111 0.0 0.0 0.0
0.216666666667 0.103571428571 0.216666666667 0.0 0.0 0.0
0.216666666667 0.103571428571 0.272222222222 0.0 0.0 0.0
0.216666666667 0.103571428571 0.327777777778 0.0 0.0 0.0
0.216666666667 0.103571428571 0.383333333333 0.0 0.0 0.0
0.216666666667 0.103571428571 0.438888888889 0.0 0.0 0.0
0.216666666667 0.103571428571 0.494444444444 0.0 0.0 0.0
0.216666666667 0.103571428571 0.55 0.0 0.0 0.0
0.216666666667 0.157142857143 0.05 0.0 0.0 0.0
0.216666666667 0.157142857143 0.105555555556 0.0 0.0 0.0
0.216666666667 0.157142857143 0.161111111111 0.0 0.0 0.0
0.216666666667 0.157142857143 0.216666666667 0.0 0.0 0.0
0.216666666667 0.157142857143 0.272222222222 0.0 0.0 0.0
0.216666666667 0.157142857143 0.327777777778 0.0 0.0 0.0
0.216666666667 0.157142857143 0.383333333333 0.0 0.0 0.0
0.216666666667 0.157142857143 0.438888888889 0.0 0.0 0.0
0.216666666667 0.157142857143 0.494444444444 0.0 0.0 0.0
0.216666666667 0.157142857143 0.55 0.0 0.0 0.0
0.216666666667 0.210714285714 0.05 0.0 0.0 0.0
0.216666666667 0.210714285714 0.105555555556 0.0 0.0 0.0
0.216666666667 0.210714285714 0.161111111111 0.0 0.0 0.0
0.216666666667 0.210714285714 0.216666666667 0.0 0.0 0.0
0.216666666667 0.210714285714 0.272222222222 0.0 0.0 0.0
0.216666666667 0.210714285714 0.327777777778 0.0 0.0 0.0
0.216666666667 0.210714285714 0.383333333333 0.0 0.0 0.0
0.216666666667 0.210714285714 0.438888888889 0.0 0.0 0.0
0.216666666667 0.210714285714 0.494444444444 0.0 0.0 0.0
0.216666666667 0.210714285714 0.55 0.0 0.0 0.0
0.216666666667 0.264285714286 0.05 0.0 0.0 0.0
0.216666666667 0.264285714286 0.105555555556 0.0 0.0 0.0
0.216666666667 0.264285714286 0.161111111111 0.0 0.0 0.0
0.216666666667 0.264285714286 0.216666666667 0.0 0.0 0.0
0.216666666667 0.264285714286 0.272222222222 0.0 0.0 0.0
0.216666666667 0.264285714286 0.327777777778 0.0 0.0 0.0
0.216666666667 0.264285714286 0.383333333333 0.0 0.0 0.0
0.216666666667 0.264285714286 0.438888888889 0.0 0.0 0.0
0.216666666667 0.264285714286 0.494444444444 0.0 0.0 0.0
0.216666666667 0.264285714286 0.55 0.0 0.0 0.0
0.216666666667 0.317857142857 0.05 0.0 0.0 0.0
0.216666666667 0.317857142857 0.105555555556 0.0 0.0 0.0
0.216666666667 0.317857142857 0.161111111111 0.0 0.0 0.0
0.216666666667 0.317857142857 0.216666666667 0.0 0.0 0.0
0.216666666667 0.317857142857 0.272222222222 0.0 0.0 0.0
0.216666666667 0.317857142857 0.327777777778 0.0 0.0 0.0
0.216666666667 0.317857142857 0.383333333333 0.0 0.0 0.0
0.216666666667 0.317857142857 0.438888888889 0.0 0.0 0.0
0.216666666667 0.317857142857 0.494444444444 0.0 0.0 0.0
0.216666666667 0.317857142857 0.55 0.0 0.0 0.0
0.216666666667 0.371428571429 0.05 0.0 0.0 0.0
0.216666666667 0.371428571429 0.105555555556 0.0 0.0 0.0
0.216666666667 0.371428571429 0.161111111111 0.0 0.0 0.0
0.216666666667 0.371428571429 0.216666666667 0.0 0.0 0.0
0.216666666667 0.371428571429 0.272222222222 0.0 0.0 0.0
0.216666666667 0.371428571429 0.327777777778 0.0 0.0 0.0
0.216666666667 0.371428571429 0.383333333333 0.0 0.0 0.0
0.216666666667 0.371428571429 0.438888888889 0.0 0.0 0.0
0.216666666667 0.371428571429 0.494444444444 0.0 0.0 0.0
0.216666666667 0.371428571429 0.55 0.0 0.0 0.0
0.216666666667 0.425 0.05 0.0 0.0 0.0
0.216666666667 0.425 0.105555555556 0.0 0.0 0.0
0.216666666667 0.425 0.161111111111 0.0 0.0 0.0
0.216666666667 0.425 0.216666666667 0.0 0.0 0.0
0.216666666667 0.425 0.272222222222 0.0 0.0 0.0
0.216666666667 0.425 0.327777777778 0.0 0.0 0.0
0.216666666667 0.425 0.383333333333 0.0 0.0 0.0
0.216666666667 0.425 0.438888888889 0.0 0.0 0.0
0.216666666667 0.425 0.494444444444 0.0 0.0 0.0
0.216666666667 0.425 0.55 0.0 0.0 0.0
0.216666666667 0.478571428571 0.05 0.0 0.0 0.0
0.216666666667 0.478571428571 0.105555555556 0.0 0.0 0.0
0.216666666667 0.478571428571 0.161111111111 0.0 0.0 0.0
0.216666666667 0.478571428571 0.216666666667 0.0 0.0 0.0
0.216666666667 0.478571428571 0.272222222222 0.0 0.0 0.0
0.216666666667 0.478571428571 0.327777777778 0.0 0.0 0.0
0.216666666667 0.478571428571 0.383333333333 0.0 0.0 0.0
0.216666666667 0.478571428571 0.438888888889 0.0 0.0 0.0
0.216666666667 0.478571428571 0.494444444444 0.0 0.0 0.0
0.216666666667 0.478571428571 0.55 0.0 0.0 0.0
0.216666666667 0.532142857143 0.05 0.0 0.0 0.0
0.216666666667 0.532142857143 0.105555555556 0.0 0.0 0.0
0.216666666667 0.532142857143 0.161111111111 0.0 0.0 0.0
0.216666666667 0.532142857143 0.216666666667 0.0 0.0 0.0
0.216666666667 0.532142857143 0.272222222222 0.0 0.0 0.0
0.216666666667 0.532142857143 0.327777777778 0.0 0.0 0.0
0.216666666667 0.532142857143 0.383333333333 0.0 0.0 0.0
0.216666666667 0.532142857143 0.438888888889 0.0 0.0 0.0
0.216666666667 0.532142857143 0.494444444444 0.0 0.0 0.0
0.216666666667 0.532142857143 0.55 0.0 0.0 0.0
0.216666666667 0.585714285714 0.05 0.0 0.0 0.0
0.216666666667 0.585714285714 0.105555555556 0.0 0.0 0.0
0.216666666667 0.585714285714 0.161111111111 0.0 0.0 0.0
0.216666666667 0.585714285714 0.216666666667 0.0 0.0 0.0
0.216666666667 0.585714285714 0.272222222222 0.0 0.0 0.0
0.216666666667 0.585714285714 0.327777777778 0.0 0.0 0.0
0.216666666667 0.585714285714 0.383333333333 0.0 0.0 0.0
0.216666666667 0.585714285714 0.438888888889 0.0 0.0 0.0
0.216666666667 0.585714285714 0.494444444444 0.0 0.0 0.0
0.216666666667 0.585714285714 0.55 0.0 0.0 0.0
0.216666666667 0.639285714286 0.05 0.0 0.0 0.0
0.216666666667 0.639285714286 0.105555555556 0.0 0.0 0.0
0.216666666667 0.639285714286 0.161111111111 0.0 0.0 0.0
0.216666666667 0.639285714286 0.216666666667 0.0 0.0 0.0
0.216666666667 0.639285714286 0.272222222222 0.0 0.0 0.0
0.216666666667 0.639285714286 0.327777777778 0.0 0.0 0.0
0.216666666667 0.639285714286 0.383333333333 0.0 0.0 0.0
0.216666666667 0.639285714286 0.438888888889 0.0 0.0 0.0
0.216666666667 0.639285714286 0.494444444444 0.0 0.0 0.0
0.216666666667 0.639285714286 0.55 0.0 0.0 0.0
0.216666666667 0.692857142857 0.05 0.0 0.0 0.0
0.216666666667 0.692857142857 0.105555555556 0.0 0.0 0.0
0.216666666667 0.692857142857 0.161111111111 0.0 0.0 0.0
0.216666666667 0.692857142857 0.216666666667 0.0 0.0 0.0
0.216666666667 0.692857142857 0.272222222222 0.0 0.0 0.0
0.216666666667 0.692857142857 0.327777777778 0.0 0.0 0.0
0.216666666667 0.692857142857 0.383333333333 0.0 0.0 0.0
0.216666666667 0.692857142857 0.438888888889 0.0 0.0 0.0
0.216666666667 0.692857142857 0.494444444444 0.0 0.0 0.0
0.216666666667 0.692857142857 0.55 0.0 0.0 0.0
0.216666666667 0.746428571429 0.05 0.0 0.0 0.0
0.216666666667 0.746428571429 0.105555555556 0.0 0.0 0.0
0.216666666667 0.746428571429 0.161111111111 0.0 0.0 0.0
0.216666666667 0.746428571429 0.216666666667 0.0 0.0 0.0
0.216666666667 0.746428571429 0.272222222222 0.0 0.0 0.0
0.216666666667 0.746428571429 0.327777777778 0.0 0.0 0.0
0.216666666667 0.746428571429 0.383333333333 0.0 0.0 0.0
0.216666666667 0.746428571429 0.438888888889 0.0 0.0 0.0
0.216666666667 0.746428571429 0.494444444444 0.0 0.0 0.0
0.216666666667 0.746428571429 0.55 0.0 0.0 0.0
0.216666666667 0.8 0.05 0.0 0.0 0.0
0.216666666667 0.8 0.105555555556 0.0 0.0 0.0
0.216666666667 0.8 0.161111111111 0.0 0.0 0.0
0.216666666667 0.8 0.216666666667 0.0 0.0 0.0
0.216666666667 0.8 0.272222222222 0.0 0.0 0.0
0.216666666667 0.8 0.327777777778 0.0 0.0 0.0
0.216666666667 0.8 0.383333333333 0.0 0.0 0.0
0.216666666667 0.8 0.438888888889 0.0 0.0 0.0
0.216666666667 0.8 0.494444444444 0.0 0.0 0.0
0.216666666667 0.8 0.55 0.0 0.0 0.0
0.272222222222 0.05 0.05 0.0 0.0 0.0
0.272222222222 0.05 0.105555555556 0.0 0.0 0.0
0.272222222222 0.05 0.161111111111 0.0 0.0 0.0
0.272222222222 0.05 0.216666666667 0.0 0.0 0.0
0.272222222222 0.05 0.272222222222 0.0 0.0 0.0
0.272222222222 0.05 0.327777777778 0.0 0.0 0.0
0.272222222222 0.05 0.383333333333 0.0 0.0 0.0
0.272222222222 0.05 0.438888888889 0.0 0.0 0.0
0.272222222222 0.05 0.494444444444 0.0 0.0 0.0
0.272222222222 0.05 0.55 0.0 0.0 0.0
0.272222222222 0.103571428571 0.05 0.0 0.0 0.0
0.272222222222 0.103571428571 0.105555555556 0.0 0.0 0.0
0.272222222222 0.103571428571 0.161111111111 0.0 0.0 0.0
0.272222222222 0.103571428571 0.216666666667 0.0 0.0 0.0
0.272222222222 0.103571428571 0.272222222222 0.0 0.0 0.0
0.272222222222 0.103571428571 0.327777777778 0.0 0.0 0.0
0.272222222222 0.103571428571 0.383333333333 0.0 0.0 0.0
0.272222222222 0.103571428571 0.438888888889 0.0 0.0 0.0
0.272222222222 0.103571428571 0.494444444444 0.0 0.0 0.0
0.272222222222 0.103571428571 0.55 0.0 0.0 0.0
0.272222222222 0.157142857143 0.05 0.0 0.0 0.0
0.272222222222 0.157142857143 0.105555555556 0.0 0.0 0.0
0.272222222222 0.157142857143 0.161111111111 0.0 0.0 0.0
0.272222222222 0.157142857143 0.216666666667 0.0 0.0 0.0
0.272222222222 0.157142857143 0.272222222222 0.0 0.0 0.0
0.272222222222 0.157142857143 0.327777777778 0.0 0.0 0.0
0.272222222222 0.157142857143 0.383333333333 0.0 0.0 0.0
0.272222222222 0.157142857143 0.438888888889 0.0 0.0 0.0
0.272222222222 0.157142857143 0.494444444444 0.0 0.0 0.0
0.272222222222 0.157142857143 0.55 0.0 0.0 0.0
0.272222222222 0.210714285714 0.05 0.0 0.0 0.0
0.272222222222 0.210714285714 0.105555555556 0.0 0.0 0.0
0.272222222222 0.210714285714 0.161111111111 0.0 0.0 0.0
0.272222222222 0.210714285714 0.216666666667 0.0 0.0 0.0
0.272222222222 0.210714285714 0.272222222222 0.0 0.0 0.0
0.272222222222 0.210714285714 0.327777777778 0.0 0.0 0.0
0.272222222222 0.210714285714 0.383333333333 0.0 0.0 0.0
0.272222222222 0.210714285714 0.438888888889 0.0 0.0 0.0
0.272222222222 0.210714285714 0.494444444444 0.0 0.0 0.0
0.272222222222 0.210714285714 0.55 0.0 0.0 0.0
0.272222222222 0.264285714286 0.05 0.0 0.0 0.0
0.272222222222 0.264285714286 0.105555555556 0.0 0.0 0.0
0.272222222222 0.264285714286 0.161111111111 0.0 0.0 0.0
0.272222222222 0.264285714286 0.216666666667 0.0 0.0 0.0
0.272222222222 0.264285714286 0.272222222222 0.0 0.0 0.0
0.272222222222 0.264285714286 0.327777777778 0.0 0.0 0.0
0.272222222222 0.264285714286 0.383333333333 0.0 0.0 0.0
0.272222222222 0.264285714286 0.438888888889 0.0 0.0 0.0
0.272222222222 0.264285714286 0.494444444444 0.0 0.0 0.0
0.272222222222 0.264285714286 0.55 0.0 0.0 0.0
0.272222222222 0.317857142857 0.05 0.0 0.0 0.0
0.272222222222 0.317857142857 0.105555555556 0.0 0.0 0.0
0.272222222222 0.317857142857 0.161111111111 0.0 0.0 0.0
0.272222222222 0.317857142857 0.216666666667 0.0 0.0 0.0
0.272222222222 0.317857142857 0.272222222222 0.0 0.0 0.0
0.272222222222 0.317857142857 0.327777777778 0.0 0.0 0.0
0.272222222222 0.317857142857 0.383333333333 0.0 0.0 0.0
0.272222222222 0.317857142857 0.438888888889 0.0 0.0 0.0
0.272222222222 0.317857142857 0.494444444444 0.0 0.0 0.0
0.272222222222 0.317857142857 0.55 0.0 0.0 0.0
0.272222222222 0.371428571429 0.05 0.0 0.0 0.0
0.272222222222 0.371428571429 0.105555555556 0.0 0.0 0.0
0.272222222222 0.371428571429 0.161111111111 0.0 0.0 0.0
0.272222222222 0.371428571429 0.216666666667 0.0 0.0 0.0
0.272222222222 0.371428571429 0.272222222222 0.0 0.0 0.0
0.272222222222 0.371428571429 0.327777777778 0.0 0.0 0.0
0.272222222222 0.371428571429 0.383333333333 0.0 0.0 0.0
0.272222222222 0.371428571429 0.438888888889 0.0 0.0 0.0
0.272222222222 0.371428571429 0.494444444444 0.0 0.0 0.0
0.272222222222 0.371428571429 0.55 0.0 0.0 0.0
0.272222222222 0.425 0.05 0.0 0.0 0.0
0.272222222222 0.425 0.105555555556 0.0 0.0 0.0
0.272222222222 0.425 0.161111111111 0.0 0.0 0.0
0.272222222222 0.425 0.216666666667 0.0 0.0 0.0
0.272222222222 0.425 0.272222222222 0.0 0.0 0.0
0.272222222222 0.425 0.327777777778 0.0 0.0 0.0
0.272222222222 0.425 0.383333333333 0.0 0.0 0.0
0.272222222222 0.425 0.438888888889 0.0 0.0 0.0
0.272222222222 0.425 0.494444444444 0.0 0.0 0.0
0.272222222222 0.425 0.55 0.0 0.0 0.0
0.272222222222 0.478571428571 0.05 0.0 0.0 0.0
0.272222222222 0.478571428571 0.105555555556 0.0 0.0 0.0
0.272222222222 0.478571428571 0.161111111111 0.0 0.0 0.0
0.272222222222 0.478571428571 0.216666666667 0.0 0.0 0.0
0.272222222222 0.478571428571 0.272222222222 0.0 0.0 0.0
0.272222222222 0.478571428571 0.327777777778 0.0 0.0 0.0
0.272222222222 0.478571428571 0.383333333333 0.0 0.0 0.0
0.272222222222 0.478571428571 0.438888888889 0.0 0.0 0.0
0.272222222222 0.478571428571 0.494444444444 0.0 0.0 0.0
0.272222222222 0.478571428571 0.55 0.0 0.0 0.0
0.272222222222 0.532142857143 0.05 0.0 0.0 0.0
0.272222222222 0.532142857143 0.105555555556 0.0 0.0 0.0
0.272222222222 0.532142857143 0.161111111111 0.0 0.0 0.0
0.272222222222 0.532142857143 0.216666666667 0.0 0.0 0.0
0.272222222222 0.532142857143 0.272222222222 0.0 0.0 0.0
0.272222222222 0.532142857143 0.327777777778 0.0 0.0 0.0
0.272222222222 0.532142857143 0.383333333333 0.0 0.0 0.0
0.272222222222 0.532142857143 0.438888888889 0.0 0.0 0.0
0.272222222222 0.532142857143 0.494444444444 0.0 0.0 0.0
0.272222222222 0.532142857143 0.55 0.0 0.0 0.0
0.272222222222 0.585714285714 0.05 0.0 0.0 0.0
0.272222222222 0.585714285714 0.105555555556 0.0 0.0 0.0
0.272222222222 0.585714285714 0.161111111111 0.0 0.0 0.0
0.272222222222 0.585714285714 0.216666666667 0.0 0.0 0.0
0.272222222222 0.585714285714 0.272222222222 0.0 0.0 0.0
0.272222222222 0.585714285714 0.327777777778 0.0 0.0 0.0
0.272222222222 0.585714285714 0.383333333333 0.0 0.0 0.0
0.272222222222 0.585714285714 0.438888888889 0.0 0.0 0.0
0.272222222222 0.585714285714 0.494444444444 0.0 0.0 0.0
0.272222222222 0.585714285714 0.55 0.0 0.0 0.0
0.272222222222 0.639285714286 0.05 0.0 0.0 0.0
0.272222222222 0.639285714286 0.105555555556 0.0 0.0 0.0
0.272222222222 0.639285714286 0.161111111111 0.0 0.0 0.0
0.272222222222 0.639285714286 0.216666666667 0.0 0.0 0.0
0.272222222222 0.639285714286 0.272222222222 0.0 0.0 0.0
0.272222222222 0.639285714286 0.327777777778 0.0 0.0 0.0
0.272222222222 0.639285714286 0.383333333333 0.0 0.0 0.0
0.272222222222 0.639285714286 0.438888888889 0.0 0.0 0.0
0.272222222222 0.639285714286 0.494444444444 0.0 0.0 0.0
0.272222222222 0.639285714286 0.55 0.0 0.0 0.0
0.272222222222 0.692857142857 0.05 0.0 0.0 0.0
0.272222222222 0.692857142857 0.105555555556 0.0 0.0 0.0
0.272222222222 0.692857142857 0.161111111111 0.0 0.0 0.0
0.272222222222 0.692857142857 0.216666666667 0.0 0.0 0.0
0.272222222222 0.692857142857 0.272222222222 0.0 0.0 0.0
0.272222222222 0.692857142857 0.327777777778 0.0 0.0 0.0
0.272222222222 0.692857142857 0.383333333333 0.0 0.0 0.0
0.272222222222 0.692857142857 0.438888888889 0.0 0.0 0.0
0.272222222222 0.692857142857 0.494444444444 0.0 0.0 0.0
0.272222222222 0.692857142857 0.55 0.0 0.0 0.0
0.272222222222 0.746428571429 0.05 0.0 0.0 0.0
0.272222222222 0.746428571429 0.105555555556 0.0 0.0 0.0
0.272222222222 0.746428571429 0.161111111111 0.0 0.0 0.0
0.272222222222 0.746428571429 0.216666666667 0.0 0.0 0.0
0.272222222222 0.746428571429 0.272222222222 0.0 0.0 0.0
0.272222222222 0.746428571429 0.327777777778 0.0 0.0 0.0
0.272222222222 0.746428571429 0.383333333333 0.0 0.0 0.0
0.272222222222 0.746428571429 0.438888888889 0.0 0.0 0.0
0.272222222222 0.746428571429 0.494444444444 0.0 0.0 0.0
0.272222222222 0.746428571429 0.55 0.0 0.0 0.0
0.272222222222 0.8 0.05 0.0 0.0 0.0
0.272222222222 0.8 0.105555555556 0.0 0.0 0.0
0.272222222222 0.8 0.161111111111 0.0 0.0 0.0
0.272222222222 0.8 0.216666666667 0.0 0.0 0.0
0.272222222222 0.8 0.272222222222 0.0 0.0 0.0
0.272222222222 0.8 0.327777777778 0.0 0.0 0.0
0.272222222222 0.8 0.383333333333 0.0 0.0 0.0
0.272222222222 0.8 0.438888888889 0.0 0.0 0.0
0.272222222222 0.8 0.494444444444 0.0 0.0 0.0
0.272222222222 0.8 0.55 0.0 0.0 0.0
0.327777777778 0.05 0.05 0.0 0.0 0.0
0.327777777778 0.05 0.105555555556 0.0 0.0 0.0
0.327777777778 0.05 0.161111111111 0.0 0.0 0.0
0.327777777778 0.05 0.216666666667 0.0 0.0 0.0
0.327777777778 0.05 0.272222222222 0.0 0.0 0.0
0.327777777778 0.05 0.327777777778 0.0 0.0 0.0
0.327777777778 0.05 0.383333333333 0.0 0.0 0.0
0.327777777778 0.05 0.438888888889 0.0 0.0 0.0
0.327777777778 0.05 0.494444444444 0.0 0.0 0.0
0.327777777778 0.05 0.55 0.0 0.0 0.0
0.327777777778 0.103571428571 0.05 0.0 0.0 0.0
0.327777777778 0.103571428571 0.105555555556 0.0 0.0 0.0
0.327777777778 0.103571428571 0.161111111111 0.0 0.0 0.0
0.327777777778 0.103571428571 0.216666666667 0.0 0.0 0.0
0.327777777778 0.103571428571 0.272222222222 0.0 0.0 0.0
0.327777777778 0.103571428571 0.327777777778 0.0 0.0 0.0
0.327777777778 0.103571428571 0.383333333333 0.0 0.0 0.0
0.327777777778 0.103571428571 0.438888888889 0.0 0.0 0.0
0.327777777778 0.103571428571 0.494444444444 0.0 0.0 0.0
0.327777777778 0.103571428571 0.55 0.0 0.0 0.0
0.327777777778 0.157142857143 0.05 0.0 0.0 0.0
0.327777777778 0.157142857143 0.105555555556 0.0 0.0 0.0
0.327777777778 0.157142857143 0.161111111111 0.0 0.0 0.0
0.327777777778 0.157142857143 0.216666666667 0.0 0.0 0.0
0.327777777778 0.157142857143 0.272222222222 0.0 0.0 0.0
0.327777777778 0.157142857143 0.327777777778 0.0 0.0 0.0
0.327777777778 0.157142857143 0.383333333333 0.0 0.0 0.0
0.327777777778 0.157142857143 0.438888888889 0.0 0.0 0.0
0.327777777778 0.157142857143 0.494444444444 0.0 0.0 0.0
0.327777777778 0.157142857143 0.55 0.0 0.0 0.0
0.327777777778 0.210714285714 0.05 0.0 0.0 0.0
0.327777777778 0.210714285714 0.105555555556 0.0 0.0 0.0
0.327777777778 0.210714285714 0.161111111111 0.0 0.0 0.0
0.327777777778 0.210714285714 0.216666666667 0.0 0.0 0.0
0.327777777778 0.210714285714 0.272222222222 0.0 0.0 0.0
0.327777777778 0.210714285714 0.327777777778 0.0 0.0 0.0
0.327777777778 0.210714285714 0.383333333333 0.0 0.0 0.0
0.327777777778 0.210714285714 0.438888888889 0.0 0.0 0.0
0.327777777778 0.210714285714 0.494444444444 0.0 0.0 0.0
0.327777777778 0.210714285714 0.55 0.0 0.0 0.0
0.327777777778 0.264285714286 0.05 0.0 0.0 0.0
0.327777777778 0.264285714286 0.105555555556 0.0 0.0 0.0
0.327777777778 0.264285714286 0.161111111111 0.0 0.0 0.0
0.327777777778 0.264285714286 0.216666666667 0.0 0.0 0.0
0.327777777778 0.264285714286 0.272222222222 0.0 0.0 0.0
0.327777777778 0.264285714286 0.327777777778 0.0 0.0 0.0
0.327777777778 0.264285714286 0.383333333333 0.0 0.0 0.0
0.327777777778 0.264285714286 0.438888888889 0.0 0.0 0.0
0.327777777778 0.264285714286 0.494444444444 0.0 0.0 0.0
0.327777777778 0.264285714286 0.55 0.0 0.0 0.0
0.327777777778 0.317857142857 0.05 0.0 0.0 0.0
0.327777777778 0.317857142857 0.105555555556 0.0 0.0 0.0
0.327777777778 0.317857142857 0.161111111111 0.0 0.0 0.0
0.327777777778 0.317857142857 0.216666666667 0.0 0.0 0.0
0.327777777778 0.317857142857 0.272222222222 0.0 0.0 0.0
0.327777777778 0.317857142857 0.327777777778 0.0 0.0 0.0
0.327777777778 0.317857142857 0.383333333333 0.0 0.0 0.0
0.327777777778 0.317857142857 0.438888888889 0.0 0.0 0.0
0.327777777778 0.317857142857 0.494444444444 0.0 0.0 0.0
0.327777777778 0.317857142857 0.55 0.0 0.0 0.0
0.327777777778 0.371428571429 0.05 0.0 0.0 0.0
0.327777777778 0.371428571429 0.105555555556 0.0 0.0 0.0
0.327777777778 0.371428571429 0.161111111111 0.0 0.0 0.0
0.327777777778 0.371428571429 0.216666666667 0.0 0.0 0.0
0.327777777778 0.371428571429 0.272222222222 0.0 0.0 0.0
0.327777777778 0.371428571429 0.327777777778 0.0 0.0 0.0
0.327777777778 0.371428571429 0.383333333333 0.0 0.0 0.0
0.327777777778 0.371428571429 0.438888888889 0.0 0.0 0.0
0.327777777778 0.371428571429 0.494444444444 0.0 0.0 0.0
0.327777777778 0.371428571429 0.55 0.0 0.0 0.0
0.327777777778 0.425 0.05 0.0 0.0 0.0
0.327777777778 0.425 0.105555555556 0.0 0.0 0.0
0.327777777778 0.425 0.161111111111 0.0 0.0 0.0
0.327777777778 0.425 0.216666666667 0.0 0.0 0.0
0.327777777778 0.425 0.272222222222 0.0 0.0 0.0
0.327777777778 0.425 0.327777777778 0.0 0.0 0.0
0.327777777778 0.425 0.383333333333 0.0 0.0 0.0
0.327777777778 0.425 0.438888888889 0.0 0.0 0.0
0.327777777778 0.425 0.494444444444 0.0 0.0 0.0
0.327777777778 0.425 0.55 0.0 0.0 0.0
0.327777777778 0.478571428571 0.05 0.0 0.0 0.0
0.327777777778 0.478571428571 0.105555555556 0.0 0.0 0.0
0.327777777778 0.478571428571 0.161111111111 0.0 0.0 0.0
0.327777777778 0.478571428571 0.216666666667 0.0 0.0 0.0
0.327777777778 0.478571428571 0.272222222222 0.0 0.0 0.0
0.327777777778 0.478571428571 0.327777777778 0.0 0.0 0.0
0.327777777778 0.478571428571 0.383333333333 0.0 0.0 0.0
0.327777777778 0.478571428571 0.438888888889 0.0 0.0 0.0
0.327777777778 0.478571428571 0.494444444444 0.0 0.0 0.0
0.327777777778 0.478571428571 0.55 0.0 0.0 0.0
0.327777777778 0.532142857143 0.05 0.0 0.0 0.0
0.327777777778 0.532142857143 0.105555555556 0.0 0.0 0.0
0.327777777778 0.532142857143 0.161111111111 0.0 0.0 0.0
0.327777777778 0.532142857143 0.216666666667 0.0 0.0 0.0
0.327777777778 0.532142857143 0.272222222222 0.0 0.0 0.0
0.327777777778 0.532142857143 0.327777777778 0.0 0.0 0.0
0.327777777778 0.532142857143 0.383333333333 0.0 0.0 0.0
0.327777777778 0.532142857143 0.438888888889 0.0 0.0 0.0
0.327777777778 0.532142857143 0.494444444444 0.0 0.0 0.0
0.327777777778 0.532142857143 0.55 0.0 0.0 0.0
0.327777777778 0.585714285714 0.05 0.0 0.0 0.0
0.327777777778 0.585714285714 0.105555555556 0.0 0.0 0.0
0.327777777778 0.585714285714 0.161111111111 0.0 0.0 0.0
0.327777777778 0.585714285714 0.216666666667 0.0 0.0 0.0
0.327777777778 0.585714285714 0.272222222222 0.0 0.0 0.0
0.327777777778 0.585714285714 0.327777777778 0.0 0.0 0.0
0.327777777778 0.585714285714 0.383333333333 0.0 0.0 0.0
0.327777777778 0.585714285714 0.438888888889 0.0 0.0 0.0
0.327777777778 0.585714285714 0.494444444444 0.0 0.0 0.0
0.327777777778 0.585714285714 0.55 0.0 0.0 0.0
0.327777777778 0.639285714286 0.05 0.0 0.0 0.0
0.327777777778 0.639285714286 0.105555555556 0.0 0.0 0.0
0.327777777778 0.639285714286 0.161111111111 0.0 0.0 0.0
0.327777777778 0.639285714286 0.216666666667 0.0 0.0 0.0
0.327777777778 0.639285714286 0.272222222222 0.0 0.0 0.0
0.327777777778 0.639285714286 0.327777777778 0.0 0.0 0.0
0.327777777778 0.639285714286 0.383333333333 0.0 0.0 0.0
0.327777777778 0.639285714286 0.438888888889 0.0 0.0 0.0
0.327777777778 0.639285714286 0.494444444444 0.0 0.0 0.0
0.327777777778 0.639285714286 0.55 0.0 0.0 0.0
0.327777777778 0.692857142857 0.05 0.0 0.0 0.0
0.327777777778 0.692857142857 0.105555555556 0.0 0.0 0.0
0.327777777778 0.692857142857 0.161111111111 0.0 0.0 0.0
0.327777777778 0.692857142857 0.216666666667 0.0 0.0 0.0
0.327777777778 0.692857142857 0.272222222222 0.0 0.0 0.0
0.327777777778 0.692857142857 0.327777777778 0.0 0.0 0.0
0.327777777778 0.692857142857 0.383333333333 0.0 0.0 0.0
0.327777777778 0.692857142857 0.438888888889 0.0 0.0 0.0
0.327777777778 0.692857142857 0.494444444444 0.0 0.0 0.0
0.327777777778 0.692857142857 0.55 0.0 0.0 0.0
0.327777777778 0.746428571429 0.05 0.0 0.0 0.0
0.327777777778 0.746428571429 0.105555555556 0.0 0.0 0.0
0.327777777778 0.746428571429 0.161111111111 0.0 0.0 0.0
0.327777777778 0.746428571429 0.216666666667 0.0 0.0 0.0
0.327777777778 0.746428571429 0.272222222222 0.0 0.0 0.0
0.327777777778 0.746428571429 0.327777777778 0.0 0.0 0.0
0.327777777778 0.746428571429 0.383333333333 0.0 0.0 0.0
0.327777777778 0.746428571429 0.438888888889 0.0 0.0 0.0
0.327777777778 0.746428571429 0.494444444444 0.0 0.0 0.0
0.327777777778 0.746428571429 0.55 0.0 0.0 0.0
0.327777777778 0.8 0.05 0.0 0.0 0.0
0.327777777778 0.8 0.105555555556 0.0 0.0 0.0
0.327777777778 0.8 0.161111111111 0.0 0.0 0.0
0.327777777778 0.8 0.216666666667 0.0 0.0 0.0
0.327777777778 0.8 0.272222222222 0.0 0.0 0.0
0.327777777778 0.8 0.327777777778 0.0 0.0 0.0
0.327777777778 0.8 0.383333333333 0.0 0.0 0.0
0.327777777778 0.8 0.438888888889 0.0 0.0 0.0
0.327777777778 0.8 0.494444444444 0.0 0.0 0.0
0.327777777778 0.8 0.55 0.0 0.0 0.0
0.383333333333 0.05 0.05 0.0 0.0 0.0
0.383333333333 0.05 0.105555555556 0.0 0.0 0.0
0.383333333333 0.05 0.161111111111 0.0 0.0 0.0
0.383333333333 0.05 0.216666666667 0.0 0.0 0.0
0.383333333333 0.05 0.272222222222 0.0 0.0 0.0
0.383333333333 0.05 0.327777777778 0.0 0.0 0.0
0.383333333333 0.05 0.383333333333 0.0 0.0 0.0
0.383333333333 0.05 0.438888888889 0.0 0.0 0.0
0.383333333333 0.05 0.494444444444 0.0 0.0 0.0
0.383333333333 0.05 0.55 0.0 0.0 0.0
0.383333333333 0.103571428571 0.05 0.0 0.0 0.0
0.383333333333 0.103571428571 0.105555555556 0.0 0.0 0.0
0.383333333333 0.103571428571 0.161111111111 0.0 0.0 0.0
0.383333333333 0.103571428571 0.216666666667 0.0 0.0 0.0
0.383333333333 0.103571428571 0.272222222222 0.0 0.0 0.0
0.383333333333 0.103571428571 0.327777777778 0.0 0.0 0.0
0.383333333333 0.103571428571 0.383333333333 0.0 0.0 0.0
0.383333333333 0.103571428571 0.438888888889 0.0 0.0 0.0
0.383333333333 0.103571428571 0.494444444444 0.0 0.0 0.0
0.383333333333 0.103571428571 0.55 0.0 0.0 0.0
0.383333333333 0.157142857143 0.05 0.0 0.0 0.0
0.383333333333 0.157142857143 0.105555555556 0.0 0.0 0.0
0.383333333333 0.157142857143 0.161111111111 0.0 0.0 0.0
0.383333333333 0.157142857143 0.216666666667 0.0 0.0 0.0
0.383333333333 0.157142857143 0.272222222222 0.0 0.0 0.0
0.383333333333 0.157142857143 0.327777777778 0.0 0.0 0.0
0.383333333333 0.157142857143 0.383333333333 0.0 0.0 0.0
0.383333333333 0.157142857143 0.438888888889 0.0 0.0 0.0
0.383333333333 0.157142857143 0.494444444444 0.0 0.0 0.0
0.383333333333 0.157142857143 0.55 0.0 0.0 0.0
0.383333333333 0.210714285714 0.05 0.0 0.0 0.0
0.383333333333 0.210714285714 0.105555555556 0.0 0.0 0.0
0.383333333333 0.210714285714 0.161111111111 0.0 0.0 0.0
0.383333333333 0.210714285714 0.216666666667 0.0 0.0 0.0
0.383333333333 0.210714285714 0.272222222222 0.0 0.0 0.0
0.383333333333 0.210714285714 0.327777777778 0.0 0.0 0.0
0.383333333333 0.210714285714 0.383333333333 0.0 0.0 0.0
0.383333333333 0.210714285714 0.438888888889 0.0 0.0 0.0
0.383333333333 0.210714285714 0.494444444444 0.0 0.0 0.0
0.383333333333 0.210714285714 0.55 0.0 0.0 0.0
0.383333333333 0.264285714286 0.05 0.0 0.0 0.0
0.383333333333 0.264285714286 0.105555555556 0.0 0.0 0.0
0.383333333333 0.264285714286 0.161111111111 0.0 0.0 0.0
0.383333333333 0.264285714286 0.216666666667 0.0 0.0 0.0
0.383333333333 0.264285714286 0.272222222222 0.0 0.0 0.0
0.383333333333 0.264285714286 0.327777777778 0.0 0.0 0.0
0.383333333333 0.264285714286 0.383333333333 0.0 0.0 0.0
0.383333333333 0.264285714286 0.438888888889 0.0 0.0 0.0
0.383333333333 0.264285714286 0.494444444444 0.0 0.0 0.0
0.383333333333 0.264285714286 0.55 0.0 0.0 0.0
0.383333333333 0.317857142857 0.05 0.0 0.0 0.0
0.383333333333 0.317857142857 0.105555555556 0.0 0.0 0.0
0.383333333333 0.317857142857 0.161111111111 0.0 0.0 0.0
0.383333333333 0.317857142857 0.216666666667 0.0 0.0 0.0
0.383333333333 0.317857142857 0.272222222222 0.0 0.0 0.0
0.383333333333 0.317857142857 0.327777777778 0.0 0.0 0.0
0.383333333333 0.317857142857 0.383333333333 0.0 0.0 0.0
0.383333333333 0.317857142857 0.438888888889 0.0 0.0 0.0
0.383333333333 0.317857142857 0.494444444444 0.0 0.0 0.0
0.383333333333 0.317857142857 0.55 0.0 0.0 0.0
0.383333333333 0.371428571429 0.05 0.0 0.0 0.0
0.383333333333 0.371428571429 0.105555555556 0.0 0.0 0.0
0.383333333333 0.371428571429 0.161111111111 0.0 0.0 0.0
0.383333333333 0.371428571429 0.216666666667 0.0 0.0 0.0
0.383333333333 0.371428571429 0.272222222222 0.0 0.0 0.0
0.383333333333 0.371428571429 0.327777777778 0.0 0.0 0.0
0.383333333333 0.371428571429 0.383333333333 0.0 0.0 0.0
0.383333333333 0.371428571429 0.438888888889 0.0 0.0 0.0
0.383333333333 0.371428571429 0.494444444444 0.0 0.0 0.0
0.383333333333 0.371428571429 0.55 0.0 0.0 0.0
0.383333333333 0.425 0.05 0.0 0.0 0.0
0.383333333333 0.425 0.105555555556 0.0 0.0 0.0
0.383333333333 0.425 0.161111111111 0.0 0.0 0.0
0.383333333333 0.425 0.216666666667 0.0 0.0 0.0
0.383333333333 0.425 0.272222222222 0.0 0.0 0.0
0.383333333333 0.425 0.327777777778 0.0 0.0 0.0
0.383333333333 0.425 0.383333333333 0.0 0.0 0.0
0.383333333333 0.425 0.438888888889 0.0 0.0 0.0
0.383333333333 0.425 0.494444444444 0.0 0.0 0.0
0.383333333333 0.425 0.55 0.0 0.0 0.0
0.383333333333 0.478571428571 0.05 0.0 0.0 0.0
0.383333333333 0.478571428571 0.105555555556 0.0 0.0 0.0
0.383333333333 0.478571428571 0.161111111111 0.0 0.0 0.0
0.383333333333 0.478571428571 0.216666666667 0.0 0.0 0.0
0.383333333333 0.478571428571 0.272222222222 0.0 0.0 0.0
0.383333333333 0.478571428571 0.327777777778 0.0 0.0 0.0
0.383333333333 0.478571428571 0.383333333333 0.0 0.0 0.0
0.383333333333 0.478571428571 0.438888888889 0.0 0.0 0.0
0.383333333333 0.478571428571 0.494444444444 0.0 0.0 0.0
0.383333333333 0.478571428571 0.55 0.0 0.0 0.0
0.383333333333 0.532142857143 0.05 0.0 0.0 0.0
0.383333333333 0.532142857143 0.105555555556 0.0 0.0 0.0
0.383333333333 0.532142857143 0.161111111111 0.0 0.0 0.0
0.383333333333 0.532142857143 0.216666666667 0.0 0.0 0.0
0.383333333333 0.532142857143 0.272222222222 0.0 0.0 0.0
0.383333333333 0.532142857143 0.327777777778 0.0 0.0 0.0
0.383333333333 0.532142857143 0.383333333333 0.0 0.0 0.0
0.383333333333 0.532142857143 0.438888888889 0.0 0.0 0.0
0.383333333333 0.532142857143 0.494444444444 0.0 0.0 0.0
0.383333333333 0.532142857143 0.55 0.0 0.0 0.0
0.383333333333 0.585714285714 0.05 0.0 0.0 0.0
0.383333333333 0.585714285714 0.105555555556 0.0 0.0 0.0
0.383333333333 0.585714285714 0.161111111111 0.0 0.0 0.0
0.383333333333 0.585714285714 0.216666666667 0.0 0.0 0.0
0.383333333333 0.585714285714 0.272222222222 0.0 0.0 0.0
0.383333333333 0.585714285714 0.327777777778 0.0 0.0 0.0
0.383333333333 0.585714285714 0.383333333333 0.0 0.0 0.0
0.383333333333 0.585714285714 0.438888888889 0.0 0.0 0.0
0.383333333333 0.585714285714 0.494444444444 0.0 0.0 0.0
0.383333333333 0.585714285714 0.55 0.0 0.0 0.0
0.383333333333 0.639285714286 0.05 0.0 0.0 0.0
0.383333333333 0.639285714286 0.105555555556 0.0 0.0 0.0
0.383333333333 0.639285714286 0.161111111111 0.0 0.0 0.0
0.383333333333 0.639285714286 0.216666666667 0.0 0.0 0.0
0.383333333333 0.639285714286 0.272222222222 0.0 0.0 0.0
0.383333333333 0.639285714286 0.327777777778 0.0 0.0 0.0
0.383333333333 0.639285714286 0.383333333333 0.0 0.0 0.0
0.383333333333 0.639285714286 0.438888888889 0.0 0.0 0.0
0.383333333333 0.639285714286 0.494444444444 0.0 0.0 0.0
0.383333333333 0.639285714286 0.55 0.0 0.0 0.0
0.383333333333 0.692857142857 0.05 0.0 0.0 0.0
0.383333333333 0.692857142857 0.105555555556 0.0 0.0 0.0
0.383333333333 0.692857142857 0.161111111111 0.0 0.0 0.0
0.383333333333 0.692857142857 0.216666666667 0.0 0.0 0.0
0.383333333333 0.692857142857 0.272222222222 0.0 0.0 0.0
0.383333333333 0.692857142857 0.327777777778 0.0 0.0 0.0
0.383333333333 0.692857142857 0.383333333333 0.0 0.0 0.0
0.383333333333 0.692857142857 0.438888888889 0.0 0.0 0.0
0.383333333333 0.692857142857 0.494444444444 0.0 0.0 0.0
0.383333333333 0.692857142857 0.55 0.0 0.0 0.0
0.383333333333 0.746428571429 0.05 0.0 0.0 0.0
0.383333333333 0.746428571429 0.105555555556 0.0 0.0 0.0
0.383333333333 0.746428571429 0.161111111111 0.0 0.0 0.0
0.383333333333 0.746428571429 0.216666666667 0.0 0.0 0.0
0.383333333333 0.746428571429 0.272222222222 0.0 0.0 0.0
0.383333333333 0.746428571429 0.327777777778 0.0 0.0 0.0
0.383333333333 0.746428571429 0.383333333333 0.0 0.0 0.0
0.383333333333 0.746428571429 0.438888888889 0.0 0.0 0.0
0.383333333333 0.746428571429 0.494444444444 0.0 0.0 0.0
0.383333333333 0.746428571429 0.55 0.0 0.0 0.0
0.383333333333 0.8 0.05 0.0 0.0 0.0
0.383333333333 0.8 0.105555555556 0.0 0.0 0.0
0.383333333333 0.8 0.161111111111 0.0 0.0 0.0
0.383333333333 0.8 0.216666666667 0.0 0.0 0.0
0.383333333333 0.8 0.272222222222 0.0 0.0 0.0
0.383333333333 0.8 0.327777777778 0.0 0.0 0.0
0.383333333333 0.8 0.383333333333 0.0 0.0 0.0
0.383333333333 0.8 0.438888888889 0.0 0.0 0.0
0.383333333333 0.8 0.494444444444 0.0 0.0 0.0
0.383333333333 0.8 0.55 0.0 0.0 0.0
0.438888888889 0.05 0.05 0.0 0.0 0.0
0.438888888889 0.05 0.105555555556 0.0 0.0 0.0
0.438888888889 0.05 0.161111111111 0.0 0.0 0.0
0.438888888889 0.05 0.216666666667 0.0 0.0 0.0
0.438888888889 0.05 0.272222222222 0.0 0.0 0.0
0.438888888889 0.05 0.327777777778 0.0 0.0 0.0
0.438888888889 0.05 0.383333333333 0.0 0.0 0.0
0.438888888889 0.05 0.438888888889 0.0 0.0 0.0
0.438888888889 0.05 0.494444444444 0.0 0.0 0.0
0.438888888889 0.05 0.55 0.0 0.0 0.0
0.438888888889 0.103571428571 0.05 0.0 0.0 0.0
0.438888888889 0.103571428571 0.105555555556 0.0 0.0 0.0
0.438888888889 0.103571428571 0.161111111111 0.0 0.0 0.0
0.438888888889 0.103571428571 0.216666666667 0.0 0.0 0.0
0.438888888889 0.103571428571 0.272222222222 0.0 0.0 0.0
0.438888888889 0.103571428571 0.327777777778 0.0 0.0 0.0
0.438888888889 0.103571428571 0.383333333333 0.0 0.0 0.0
0.438888888889 0.103571428571 0.438888888889 0.0 0.0 0.0
0.438888888889 0.103571428571 0.494444444444 0.0 0.0 0.0
0.438888888889 0.103571428571 0.55 0.0 0.0 0.0
0.438888888889 0.157142857143 0.05 0.0 0.0 0.0
0.438888888889 0.157142857143 0.105555555556 0.0 0.0 0.0
0.438888888889 0.157142857143 0.161111111111 0.0 0.0 0.0
0.438888888889 0.157142857143 0.216666666667 0.0 0.0 0.0
0.438888888889 0.157142857143 0.272222222222 0.0 0.0 0.0
0.438888888889 0.157142857143 0.327777777778 0.0 0.0 0.0
0.438888888889 0.157142857143 0.383333333333 0.0 0.0 0.0
0.438888888889 0.157142857143 0.438888888889 0.0 0.0 0.0
0.438888888889 0.157142857143 0.494444444444 0.0 0.0 0.0
0.438888888889 0.157142857143 0.55 0.0 0.0 0.0
0.438888888889 0.210714285714 0.05 0.0 0.0 0.0
0.438888888889 0.210714285714 0.105555555556 0.0 0.0 0.0
0.438888888889 0.210714285714 0.161111111111 0.0 0.0 0.0
0.438888888889 0.210714285714 0.216666666667 0.0 0.0 0.0
0.438888888889 0.210714285714 0.272222222222 0.0 0.0 0.0
0.438888888889 0.210714285714 0.327777777778 0.0 0.0 0.0
0.438888888889 0.210714285714 0.383333333333 0.0 0.0 0.0
0.438888888889 0.210714285714 0.438888888889 0.0 0.0 0.0
0.438888888889 0.210714285714 0.494444444444 0.0 0.0 0.0
0.438888888889 0.210714285714 0.55 0.0 0.0 0.0
0.438888888889 0.264285714286 0.05 0.0 0.0 0.0
0.438888888889 0.264285714286 0.105555555556 0.0 0.0 0.0
0.438888888889 0.264285714286 0.161111111111 0.0 0.0 0.0
0.438888888889 0.264285714286 0.216666666667 0.0 0.0 0.0
0.438888888889 0.264285714286 0.272222222222 0.0 0.0 0.0
0.438888888889 0.264285714286 0.327777777778 0.0 0.0 0.0
0.438888888889 0.264285714286 0.383333333333 0.0 0.0 0.0
0.438888888889 0.264285714286 0.438888888889 0.0 0.0 0.0
0.438888888889 0.264285714286 0.494444444444 0.0 0.0 0.0
0.438888888889 0.264285714286 0.55 0.0 0.0 0.0
0.438888888889 0.317857142857 0.05 0.0 0.0 0.0
0.438888888889 0.317857142857 0.105555555556 0.0 0.0 0.0
0.438888888889 0.317857142857 0.161111111111 0.0 0.0 0.0
0.438888888889 0.317857142857 0.216666666667 0.0 0.0 0.0
0.438888888889 0.317857142857 0.272222222222 0.0 0.0 0.0
0.438888888889 0.317857142857 0.327777777778 0.0 0.0 0.0
0.438888888889 0.317857142857 0.383333333333 0.0 0.0 0.0
0.438888888889 0.317857142857 0.438888888889 0.0 0.0 0.0
0.438888888889 0.317857142857 0.494444444444 0.0 0.0 0.0
0.438888888889 0.317857142857 0.55 0.0 0.0 0.0
0.438888888889 0.371428571429 0.05 0.0 0.0 0.0
0.438888888889 0.371428571429 0.105555555556 0.0 0.0 0.0
0.438888888889 0.371428571429 0.161111111111 0.0 0.0 0.0
0.438888888889 0.371428571429 0.216666666667 0.0 0.0 0.0
0.438888888889 0.371428571429 0.272222222222 0.0 0.0 0.0
0.438888888889 0.371428571429 0.327777777778 0.0 0.0 0.0
0.438888888889 0.371428571429 0.383333333333 0.0 0.0 0.0
0.438888888889 0.371428571429 0.438888888889 0.0 0.0 0.0
0.438888888889 0.371428571429 0.494444444444 0.0 0.0 0.0
0.438888888889 0.371428571429 0.55 0.0 0.0 0.0
0.438888888889 0.425 0.05 0.0 0.0 0.0
0.438888888889 0.425 0.105555555556 0.0 0.0 0.0
0.438888888889 0.425 0.161111111111 0.0 0.0 0.0
0.438888888889 0.425 0.216666666667 0.0 0.0 0.0
0.438888888889 0.425 0.272222222222 0.0 0.0 0.0
0.438888888889 0.425 0.327777777778 0.0 0.0 0.0
0.438888888889 0.425 0.383333333333 0.0 0.0 0.0
0.438888888889 0.425 0.438888888889 0.0 0.0 0.0
0.438888888889 0.425 0.494444444444 0.0 0.0 0.0
0.438888888889 0.425 0.55 0.0 0.0 0.0
0.438888888889 0.478571428571 0.05 0.0 0.0 0.0
0.438888888889 0.478571428571 0.105555555556 0.0 0.0 0.0
0.438888888889 0.478571428571 0.161111111111 0.0 0.0 0.0
0.438888888889 0.478571428571 0.216666666667 0.0 0.0 0.0
0.438888888889 0.478571428571 0.272222222222 0.0 0.0 0.0
0.438888888889 0.478571428571 0.327777777778 0.0 0.0 0.0
0.438888888889 0.478571428571 0.383333333333 0.0 0.0 0.0
0.438888888889 0.478571428571 0.438888888889 0.0 0.0 0.0
0.438888888889 0.478571428571 0.494444444444 0.0 0.0 0.0
0.438888888889 0.478571428571 0.55 0.0 0.0 0.0
0.438888888889 0.532142857143 0.05 0.0 0.0 0.0
0.438888888889 0.532142857143 0.105555555556 0.0 0.0 0.0
0.438888888889 0.532142857143 0.161111111111 0.0 0.0 0.0
0.438888888889 0.532142857143 0.216666666667 0.0 0.0 0.0
0.438888888889 0.532142857143 0.272222222222 0.0 0.0 0.0
0.438888888889 0.532142857143 0.327777777778 0.0 0.0 0.0
0.438888888889 0.532142857143 0.383333333333 0.0 0.0 0.0
0.438888888889 0.532142857143 0.438888888889 0.0 0.0 0.0
0.438888888889 0.532142857143 0.494444444444 0.0 0.0 0.0
0.438888888889 0.532142857143 0.55 0.0 0.0 0.0
0.438888888889 0.585714285714 0.05 0.0 0.0 0.0
0.438888888889 0.585714285714 0.105555555556 0.0 0.0 0.0
0.438888888889 0.585714285714 0.161111111111 0.0 0.0 0.0
0.438888888889 0.585714285714 0.216666666667 0.0 0.0 0.0
0.438888888889 0.585714285714 0.272222222222 0.0 0.0 0.0
0.438888888889 0.585714285714 0.327777777778 0.0 0.0 0.0
0.438888888889 0.585714285714 0.383333333333 0.0 0.0 0.0
0.438888888889 0.585714285714 0.438888888889 0.0 0.0 0.0
0.438888888889 0.585714285714 0.494444444444 0.0 0.0 0.0
0.438888888889 0.585714285714 0.55 0.0 0.0 0.0
0.438888888889 0.639285714286 0.05 0.0 0.0 0.0
0.438888888889 0.639285714286 0.105555555556 0.0 0.0 0.0
0.438888888889 0.639285714286 0.161111111111 0.0 0.0 0.0
0.438888888889 0.639285714286 0.216666666667 0.0 0.0 0.0
0.438888888889 0.639285714286 0.272222222222 0.0 0.0 0.0
0.438888888889 0.639285714286 0.327777777778 0.0 0.0 0.0
0.438888888889 0.639285714286 0.383333333333 0.0 0.0 0.0
0.438888888889 0.639285714286 0.438888888889 0.0 0.0 0.0
0.438888888889 0.639285714286 0.494444444444 0.0 0.0 0.0
0.438888888889 0.639285714286 0.55 0.0 0.0 0.0
0.438888888889 0.692857142857 0.05 0.0 0.0 0.0
0.438888888889 0.692857142857 0.105555555556 0.0 0.0 0.0
0.438888888889 0.692857142857 0.161111111111 0.0 0.0 0.0
0.438888888889 0.692857142857 0.216666666667 0.0 0.0 0.0
0.438888888889 0.692857142857 0.272222222222 0.0 0.0 0.0
0.438888888889 0.692857142857 0.327777777778 0.0 0.0 0.0
0.438888888889 0.692857142857 0.383333333333 0.0 0.0 0.0
0.438888888889 0.692857142857 0.438888888889 0.0 0.0 0.0
0.438888888889 0.692857142857 0.494444444444 0.0 0.0 0.0
0.438888888889 0.692857142857 0.55 0.0 0.0 0.0
0.438888888889 0.746428571429 0.05 0.0 0.0 0.0
0.438888888889 0.746428571429 0.105555555556 0.0 0.0 0.0
0.438888888889 0.746428571429 0.161111111111 0.0 0.0 0.0
0.438888888889 0.746428571429 0.216666666667 0.0 0.0 0.0
0.438888888889 0.746428571429 0.272222222222 0.0 0.0 0.0
0.438888888889 0.746428571429 0.327777777778 0.0 0.0 0.0
0.438888888889 0.746428571429 0.383333333333 0.0 0.0 0.0
0.438888888889 0.746428571429 0.438888888889 0.0 0.0 0.0
0.438888888889 0.746428571429 0.494444444444 0.0 0.0 0.0
0.438888888889 0.746428571429 0.55 0.0 0.0 0.0
0.438888888889 0.8 0.05 0.0 0.0 0.0
0.438888888889 0.8 0.105555555556 0.0 0.0 0.0
0.438888888889 0.8 0.161111111111 0.0 0.0 0.0
0.438888888889 0.8 0.216666666667 0.0 0.0 0.0
0.438888888889 0.8 0.272222222222 0.0 0.0 0.0
0.438888888889 0.8 0.327777777778 0.0 0.0 0.0
0.438888888889 0.8 0.383333333333 0.0 0.0 0.0
0.438888888889 0.8 0.438888888889 0.0 0.0 0.0
0.438888888889 0.8 0.494444444444 0.0 0.0 0.0
0.438888888889 0.8 0.55 0.0 0.0 0.0
0.494444444444 0.05 0.05 0.0 0.0 0.0
0.494444444444 0.05 0.105555555556 0.0 0.0 0.0
0.494444444444 0.05 0.161111111111 0.0 0.0 0.0
0.494444444444 0.05 0.216666666667 0.0 0.0 0.0
0.494444444444 0.05 0.272222222222 0.0 0.0 0.0
0.494444444444 0.05 0.327777777778 0.0 0.0 0.0
0.494444444444 0.05 0.383333333333 0.0 0.0 0.0
0.494444444444 0.05 0.438888888889 0.0 0.0 0.0
0.494444444444 0.05 0.494444444444 0.0 0.0 0.0
0.494444444444 0.05 0.55 0.0 0.0 0.0
0.494444444444 0.103571428571 0.05 0.0 0.0 0.0
0.494444444444 0.103571428571 0.105555555556 0.0 0.0 0.0
0.494444444444 0.103571428571 0.161111111111 0.0 0.0 0.0
0.494444444444 0.103571428571 0.216666666667 0.0 0.0 0.0
0.494444444444 0.103571428571 0.272222222222 0.0 0.0 0.0
0.494444444444 0.103571428571 0.327777777778 0.0 0.0 0.0
0.494444444444 0.103571428571 0.383333333333 0.0 0.0 0.0
0.494444444444 0.103571428571 0.438888888889 0.0 0.0 0.0
0.494444444444 0.103571428571 0.494444444444 0.0 0.0 0.0
0.494444444444 0.103571428571 0.55 0.0 0.0 0.0
0.494444444444 0.157142857143 0.05 0.0 0.0 0.0
0.494444444444 0.157142857143 0.105555555556 0.0 0.0 0.0
0.494444444444 0.157142857143 0.161111111111 0.0 0.0 0.0
0.494444444444 0.157142857143 0.216666666667 0.0 0.0 0.0
0.494444444444 0.157142857143 0.272222222222 0.0 0.0 0.0
0.494444444444 0.157142857143 0.327777777778 0.0 0.0 0.0
0.494444444444 0.157142857143 0.383333333333 0.0 0.0 0.0
0.494444444444 0.157142857143 0.438888888889 0.0 0.0 0.0
0.494444444444 0.157142857143 0.494444444444 0.0 0.0 0.0
0.494444444444 0.157142857143 0.55 0.0 0.0 0.0
0.494444444444 0.210714285714 0.05 0.0 0.0 0.0
0.494444444444 0.210714285714 0.105555555556 0.0 0.0 0.0
0.494444444444 0.210714285714 0.161111111111 0.0 0.0 0.0
0.494444444444 0.210714285714 0.216666666667 0.0 0.0 0.0
0.494444444444 0.210714285714 0.272222222222 0.0 0.0 0.0
0.494444444444 0.210714285714 0.327777777778 0.0 0.0 0.0
0.494444444444 0.210714285714 0.383333333333 0.0 0.0 0.0
0.494444444444 0.210714285714 0.438888888889 0.0 0.0 0.0
0.494444444444 0.210714285714 0.494444444444 0.0 0.0 0.0
0.494444444444 0.210714285714 0.55 0.0 0.0 0.0
0.494444444444 0.264285714286 0.05 0.0 0.0 0.0
0.494444444444 0.264285714286 0.105555555556 0.0 0.0 0.0
0.494444444444 0.264285714286 0.161111111111 0.0 0.0 0.0
0.494444444444 0.264285714286 0.216666666667 0.0 0.0 0.0
0.494444444444 0.264285714286 0.272222222222 0.0 0.0 0.0
0.494444444444 0.264285714286 0.327777777778 0.0 0.0 0.0
0.494444444444 0.264285714286 0.383333333333 0.0 0.0 0.0
0.494444444444 0.264285714286 0.438888888889 0.0 0.0 0.0
0.494444444444 0.264285714286 0.494444444444 0.0 0.0 0.0
0.494444444444 0.264285714286 0.55 0.0 0.0 0.0
0.494444444444 0.317857142857 0.05 0.0 0.0 0.0
0.494444444444 0.317857142857 0.105555555556 0.0 0.0 0.0
0.494444444444 0.317857142857 0.161111111111 0.0 0.0 0.0
0.494444444444 0.317857142857 0.216666666667 0.0 0.0 0.0
0.494444444444 0.317857142857 0.272222222222 0.0 0.0 0.0
0.494444444444 0.317857142857 0.327777777778 0.0 0.0 0.0
0.494444444444 0.317857142857 0.383333333333 0.0 0.0 0.0
0.494444444444 0.317857142857 0.438888888889 0.0 0.0 0.0
0.494444444444 0.317857142857 0.494444444444 0.0 0.0 0.0
0.494444444444 0.317857142857 0.55 0.0 0.0 0.0
0.494444444444 0.371428571429 0.05 0.0 0.0 0.0
0.494444444444 0.371428571429 0.105555555556 0.0 0.0 0.0
0.494444444444 0.371428571429 0.161111111111 0.0 0.0 0.0
0.494444444444 0.371428571429 0.216666666667 0.0 0.0 0.0
0.494444444444 0.371428571429 0.272222222222 0.0 0.0 0.0
0.494444444444 0.371428571429 0.327777777778 0.0 0.0 0.0
0.494444444444 0.371428571429 0.383333333333 0.0 0.0 0.0
0.494444444444 0.371428571429 0.438888888889 0.0 0.0 0.0
0.494444444444 0.371428571429 0.494444444444 0.0 0.0 0.0
0.494444444444 0.371428571429 0.55 0.0 0.0 0.0
0.494444444444 0.425 0.05 0.0 0.0 0.0
0.494444444444 0.425 0.105555555556 0.0 0.0 0.0
0.494444444444 0.425 0.161111111111 0.0 0.0 0.0
0.494444444444 0.425 0.216666666667 0.0 0.0 0.0
0.494444444444 0.425 0.272222222222 0.0 0.0 0.0
0.494444444444 0.425 0.327777777778 0.0 0.0 0.0
0.494444444444 0.425 0.383333333333 0.0 0.0 0.0
0.494444444444 0.425 0.438888888889 0.0 0.0 0.0
0.494444444444 0.425 0.494444444444 0.0 0.0 0.0
0.494444444444 0.425 0.55 0.0 0.0 0.0
0.494444444444 0.478571428571 0.05 0.0 0.0 0.0
0.494444444444 0.478571428571 0.105555555556 0.0 0.0 0.0
0.494444444444 0.478571428571 0.161111111111 0.0 0.0 0.0
0.494444444444 0.478571428571 0.216666666667 0.0 0.0 0.0
0.494444444444 0.478571428571 0.272222222222 0.0 0.0 0.0
0.494444444444 0.478571428571 0.327777777778 0.0 0.0 0.0
0.494444444444 0.478571428571 0.383333333333 0.0 0.0 0.0
0.494444444444 0.478571428571 0.438888888889 0.0 0.0 0.0
0.494444444444 0.478571428571 0.494444444444 0.0 0.0 0.0
0.494444444444 0.478571428571 0.55 0.0 0.0 0.0
0.494444444444 0.532142857143 0.05 0.0 0.0 0.0
0.494444444444 0.532142857143 0.105555555556 0.0 0.0 0.0
0.494444444444 0.532142857143 0.161111111111 0.0 0.0 0.0
0.494444444444 0.532142857143 0.216666666667 0.0 0.0 0.0
0.494444444444 0.532142857143 0.272222222222 0.0 0.0 0.0
0.494444444444 0.532142857143 0.327777777778 0.0 0.0 0.0
0.494444444444 0.532142857143 0.383333333333 0.0 0.0 0.0
0.494444444444 0.532142857143 0.438888888889 0.0 0.0 0.0
0.494444444444 0.532142857143 0.494444444444 0.0 0.0 0.0
0.494444444444 0.532142857143 0.55 0.0 0.0 0.0
0.494444444444 0.585714285714 0.05 0.0 0.0 0.0
0.494444444444 0.585714285714 0.105555555556 0.0 0.0 0.0
0.494444444444 0.585714285714 0.161111111111 0.0 0.0 0.0
0.494444444444 0.585714285714 0.216666666667 0.0 0.0 0.0
0.494444444444 0.585714285714 0.272222222222 0.0 0.0 0.0
0.494444444444 0.585714285714 0.327777777778 0.0 0.0 0.0
0.494444444444 0.585714285714 0.383333333333 0.0 0.0 0.0
0.494444444444 0.585714285714 0.438888888889 0.0 0.0 0.0
0.494444444444 0.585714285714 0.494444444444 0.0 0.0 0.0
0.494444444444 0.585714285714 0.55 0.0 0.0 0.0
0.494444444444 0.639285714286 0.05 0.0 0.0 0.0
0.494444444444 0.639285714286 0.105555555556 0.0 0.0 0.0
0.494444444444 0.639285714286 0.161111111111 0.0 0.0 0.0
0.494444444444 0.639285714286 0.216666666667 0.0 0.0 0.0
0.494444444444 0.639285714286 0.272222222222 0.0 0.0 0.0
0.494444444444 0.639285714286 0.327777777778 0.0 0.0 0.0
0.494444444444 0.639285714286 0.383333333333 0.0 0.0 0.0
0.494444444444 0.639285714286 0.438888888889 0.0 0.0 0.0
0.494444444444 0.639285714286 0.494444444444 0.0 0.0 0.0
0.494444444444 0.639285714286 0.55 0.0 0.0 0.0
0.494444444444 0.692857142857 0.05 0.0 0.0 0.0
0.494444444444 0.692857142857 0.105555555556 0.0 0.0 0.0
0.494444444444 0.692857142857 0.161111111111 0.0 0.0 0.0
0.494444444444 0.692857142857 0.216666666667 0.0 0.0 0.0
0.494444444444 0.692857142857 0.272222222222 0.0 0.0 0.0
0.494444444444 0.692857142857 0.327777777778 0.0 0.0 0.0
0.494444444444 0.692857142857 0.383333333333 0.0 0.0 0.0
0.494444444444 0.692857142857 0.438888888889 0.0 0.0 0.0
0.494444444444 0.692857142857 0.494444444444 0.0 0.0 0.0
0.494444444444 0.692857142857 0.55 0.0 0.0 0.0
0.494444444444 0.746428571429 0.05 0.0 0.0 0.0
0.494444444444 0.746428571429 0.105555555556 0.0 0.0 0.0
0.494444444444 0.746428571429 0.161111111111 0.0 0.0 0.0
0.494444444444 0.746428571429 0.216666666667 0.0 0.0 0.0
0.494444444444 0.746428571429 0.272222222222 0.0 0.0 0.0
0.494444444444 0.746428571429 0.327777777778 0.0 0.0 0.0
0.494444444444 0.746428571429 0.383333333333 0.0 0.0 0.0
0.494444444444 0.746428571429 0.438888888889 0.0 0.0 0.0
0.494444444444 0.746428571429 0.494444444444 0.0 0.0 0.0
0.494444444444 0.746428571429 0.55 0.0 0.0 0.0
0.494444444444 0.8 0.05 0.0 0.0 0.0
0.494444444444 0.8 0.105555555556 0.0 0.0 0.0
0.494444444444 0.8 0.161111111111 0.0 0.0 0.0
0.494444444444 0.8 0.216666666667 0.0 0.0 0.0
0.494444444444 0.8 0.272222222222 0.0 0.0 0.0
0.494444444444 0.8 0.327777777778 0.0 0.0 0.0
0.494444444444 0.8 0.383333333333 0.0 0.0 0.0
0.494444444444 0.8 0.438888888889 0.0 0.0 0.0
0.494444444444 0.8 0.494444444444 0.0 0.0 0.0
0.494444444444 0.8 0.55 0.0 0.0 0.0
0.55 0.05 0.05 0.0 0.0 0.0
0.55 0.05 0.105555555556 0.0 0.0 0.0
0.55 0.05 0.161111111111 0.0 0.0 0.0
0.55 0.05 0.216666666667 0.0 0.0 0.0
0.55 0.05 0.272222222222 0.0 0.0 0.0
0.55 0.05 0.327777777778 0.0 0.0 0.0
0.55 0.05 0.383333333333 0.0 0.0 0.0
0.55 0.05 0.438888888889 0.0 0.0 0.0
0.55 0.05 0.494444444444 0.0 0.0 0.0
0.55 0.05 0.55 0.0 0.0 0.0
0.55 0.103571428571 0.05 0.0 0.0 0.0
0.55 0.103571428571 0.105555555556 0.0 0.0 0.0
0.55 0.103571428571 0.161111111111 0.0 0.0 0.0
0.55 0.103571428571 0.216666666667 0.0 0.0 0.0
0.55 0.103571428571 0.272222222222 0.0 0.0 0.0
0.55 0.103571428571 0.327777777778 0.0 0.0 0.0
0.55 0.103571428571 0.383333333333 0.0 0.0 0.0
0.55 0.103571428571 0.438888888889 0.0 0.0 0.0
0.55 0.103571428571 0.494444444444 0.0 0.0 0.0
0.55 0.103571428571 0.55 0.0 0.0 0.0
0.55 0.157142857143 0.05 0.0 0.0 0.0
0.55 0.157142857143 0.105555555556 0.0 0.0 0.0
0.55 0.157142857143 0.161111111111 0.0 0.0 0.0
0.55 0.157142857143 0.216666666667 0.0 0.0 0.0
0.55 0.157142857143 0.272222222222 0.0 0.0 0.0
0.55 0.157142857143 0.327777777778 0.0 0.0 0.0
0.55 0.157142857143 0.383333333333 0.0 0.0 0.0
0.55 0.157142857143 0.438888888889 0.0 0.0 0.0
0.55 0.157142857143 0.494444444444 0.0 0.0 0.0
0.55 0.157142857143 0.55 0.0 0.0 0.0
0.55 0.210714285714 0.05 0.0 0.0 0.0
0.55 0.210714285714 0.105555555556 0.0 0.0 0.0
0.55 0.210714285714 0.161111111111 0.0 0.0 0.0
0.55 0.210714285714 0.216666666667 0.0 0.0 0.0
0.55 0.210714285714 0.272222222222 0.0 0.0 0.0
0.55 0.210714285714 0.327777777778 0.0 0.0 0.0
0.55 0.210714285714 0.383333333333 0.0 0.0 0.0
0.55 0.210714285714 0.438888888889 0.0 0.0 0.0
0.55 0.210714285714 0.494444444444 0.0 0.0 0.0
0.55 0.210714285714 0.55 0.0 0.0 0.0
0.55 0.264285714286 0.05 0.0 0.0 0.0
0.55 0.264285714286 0.105555555556 0.0 0.0 0.0
0.55 0.264285714286 0.161111111111 0.0 0.0 0.0
0.55 0.264285714286 0.216666666667 0.0 0.0 0.0
0.55 0.264285714286 0.272222222222 0.0 0.0 0.0
0.55 0.264285714286 0.327777777778 0.0 0.0 0.0
0.55 0.264285714286 0.383333333333 0.0 0.0 0.0
0.55 0.264285714286 0.438888888889 0.0 0.0 0.0
0.55 0.264285714286 0.494444444444 0.0 0.0 0.0
0.55 0.264285714286 0.55 0.0 0.0 0.0
0.55 0.317857142857 0.05 0.0 0.0 0.0
0.55 0.317857142857 0.105555555556 0.0 0.0 0.0
0.55 0.317857142857 0.161111111111 0.0 0.0 0.0
0.55 0.317857142857 0.216666666667 0.0 0.0 0.0
0.55 0.317857142857 0.272222222222 0.0 0.0 0.0
0.55 0.317857142857 0.327777777778 0.0 0.0 0.0
0.55 0.317857142857 0.383333333333 0.0 0.0 0.0
0.55 0.317857142857 0.438888888889 0.0 0.0 0.0
0.55 0.317857142857 0.494444444444 0.0 0.0 0.0
0.55 0.317857142857 0.55 0.0 0.0 0.0
0.55 0.371428571429 0.05 0.0 0.0 0.0
0.55 0.371428571429 0.105555555556 0.0 0.0 0.0
0.55 0.371428571429 0.161111111111 0.0 0.0 0.0
0.55 0.371428571429 0.216666666667 0.0 0.0 0.0
0.55 0.371428571429 0.272222222222 0.0 0.0 0.0
0.55 0.371428571429 0.327777777778 0.0 0.0 0.0
0.55 0.371428571429 0.383333333333 0.0 0.0 0.0
0.55 0.371428571429 0.438888888889 0.0 0.0 0.0
0.55 0.371428571429 0.494444444444 0.0 0.0 0.0
0.55 0.371428571429 0.55 0.0 0.0 0.0
0.55 0.425 0.05 0.0 0.0 0.0
0.55 0.425 0.105555555556 0.0 0.0 0.0
0.55 0.425 0.161111111111 0.0 0.0 0.0
0.55 0.425 0.216666666667 0.0 0.0 0.0
0.55 0.425 0.272222222222 0.0 0.0 0.0
0.55 0.425 0.327777777778 0.0 0.0 0.0
0.55 0.425 0.383333333333 0.0 0.0 0.0
0.55 0.425 0.438888888889 0.0 0.0 0.0
0.55 0.425 0.494444444444 0.0 0.0 0.0
0.55 0.425 0.55 0.0 0.0 0.0
0.55 0.478571428571 0.05 0.0 0.0 0.0
0.55 0.478571428571 0.105555555556 0.0 0.0 0.0
0.55 0.478571428571 0.161111111111 0.0 0.0 0.0
0.55 0.478571428571 0.216666666667 0.0 0.0 0.0
0.55 0.478571428571 0.272222222222 0.0 0.0 0.0
0.55 0.478571428571 0.327777777778 0.0 0.0 0.0
0.55 0.478571428571 0.383333333333 0.0 0.0 0.0
0.55 0.478571428571 0.438888888889 0.0 0.0 0.0
0.55 0.478571428571 0.494444444444 0.0 0.0 0.0
0.55 0.478571428571 0.55 0.0 0.0 0.0
0.55 0.532142857143 0.05 0.0 0.0 0.0
0.55 0.532142857143 0.105555555556 0.0 0.0 0.0
0.55 0.532142857143 0.161111111111 0.0 0.0 0.0
0.55 0.532142857143 0.216666666667 0.0 0.0 0.0
0.55 0.532142857143 0.272222222222 0.0 0.0 0.0
0.55 0.532142857143 0.327777777778 0.0 0.0 0.0
0.55 0.532142857143 0.383333333333 0.0 0.0 0.0
0.55 0.532142857143 0.438888888889 0.0 0.0 0.0
0.55 0.532142857143 0.494444444444 0.0 0.0 0.0
0.55 0.532142857143 0.55 0.0 0.0 0.0
0.55 0.585714285714 0.05 0.0 0.0 0.0
0.55 0.585714285714 0.105555555556 0.0 0.0 0.0
0.55 0.585714285714 0.161111111111 0.0 0.0 0.0
0.55 0.585714285714 0.216666666667 0.0 0.0 0.0
0.55 0.585714285714 0.272222222222 0.0 0.0 0.0
0.55 0.585714285714 0.327777777778 0.0 0.0 0.0
0.55 0.585714285714 0.383333333333 0.0 0.0 0.0
0.55 0.585714285714 0.438888888889 0.0 0.0 0.0
0.55 0.585714285714 0.494444444444 0.0 0.0 0.0
0.55 0.585714285714 0.55 0.0 0.0 0.0
0.55 0.639285714286 0.05 0.0 0.0 0.0
0.55 0.639285714286 0.105555555556 0.0 0.0 0.0
0.55 0.639285714286 0.161111111111 0.0 0.0 0.0
0.55 0.639285714286 0.216666666667 0.0 0.0 0.0
0.55 0.639285714286 0.272222222222 0.0 0.0 0.0
0.55 0.639285714286 0.327777777778 0.0 0.0 0.0
0.55 0.639285714286 0.383333333333 0.0 0.0 0.0
0.55 0.639285714286 0.438888888889 0.0 0.0 0.0
0.55 0.639285714286 0.494444444444 0.0 0.0 0.0
0.55 0.639285714286 0.55 0.0 0.0 0.0
0.55 0.692857142857 0.05 0.0 0.0 0.0
0.55 0.692857142857 0.105555555556 0.0 0.0 0.0
0.55 0.692857142857 0.161111111111 0.0 0.0 0.0
0.55 0.692857142857 0.216666666667 0.0 0.0 0.0
0.55 0.692857142857 0.272222222222 0.0 0.0 0.0
0.55 0.692857142857 0.327777777778 0.0 0.0 0.0
0.55 0.692857142857 0.383333333333 0.0 0.0 0.0
0.55 0.692857142857 0.438888888889 0.0 0.0 0.0
0.55 0.692857142857 0.494444444444 0.0 0.0 0.0
0.55 0.692857142857 0.55 0.0 0.0 0.0
0.55 0.746428571429 0.05 0.0 0.0 0.0
0.55 0.746428571429 0.105555555556 0.0 0.0 0.0
0.55 0.746428571429 0.161111111111 0.0 0.0 0.0
0.55 0.746428571429 0.216666666667 0.0 0.0 0.0
0.55 0.746428571429 0.272222222222 0.0 0.0 0.0
0.55 0.746428571429 0.327777777778 0.0 0.0 0.0
0.55 0.746428571429 0.383333333333 0.0 0.0 0.0
0.55 0.746428571429 0.438888888889 0.0 0.0 0.0
0.55 0.746428571429 0.494444444444 0.0 0.0 0.0
0.55 0.746428571429 0.55 0.0 0.0 0.0
0.55 0.8 0.05 0.0 0.0 0.0
0.55 0.8 0.105555555556 0.0 0.0 0.0
0.55 0.8 0.161111111111 0.0 0.0 0.0
0.55 0.8 0.216666666667 0.0 0.0 0.0
0.55 0.8 0.272222222222 0.0 0.0 0.0
0.55 0.8 0.327777777778 0.0 0.0 0.0
0.55 0.8 0.383333333333 0.0 0.0 0.0
0.55 0.8 0.438888888889 0.0 0.0 0.0
0.55 0.8 0.494444444444 0.0 0.0 0.0
0.55 0.8 0.55 0.0 0.0 0.0
