 1.308041146909740E+00  1.186632113715467E-01  1.191532113715468E-01  7.292009641770847E-01  2.676965591223592E-01  3.656965591223896E-01
 1.307750145488548E+00  1.185289538211367E-01  1.981050844121513E-01  6.556655060655303E-01  2.144677758173360E-01  2.186603177626268E-04
 1.307722027313190E+00  1.185145044717683E-01  2.377745567445819E-01  6.394586556081161E-01  2.049801580651094E-01  7.082748028273682E-03
 1.307731472944084E+00  1.185169858528492E-01  2.773862755916788E-01  6.451380080328372E-01  2.066424005819054E-01 -1.773933055939505E-03
 1.307730957944264E+00  1.185167287882986E-01  3.170165163939922E-01  6.447507457370827E-01  2.064492694863065E-01  1.680896377737016E-04
 1.307731111172426E+00  1.185167728630236E-01  3.566433002266255E-01  6.448818689189655E-01  2.064820876588097E-01 -4.564985127100279E-05
 1.307731123410562E+00  1.185167762832608E-01  3.962703979699559E-01  6.448813363825103E-01  2.064819966011622E-01 -3.452284913497868E-07
 1.307731106080887E+00  1.185167731076901E-01  4.358974227202383E-01  6.448831033130038E-01  2.064829015040092E-01  2.310097988713641E-06
 1.307731127209547E+00  1.185167718640307E-01  4.755245076408144E-01  6.448757689638460E-01  2.064804280898840E-01 -4.407126303442255E-06
 1.307731121095512E+00  1.185167745364570E-01  5.151514747184502E-01  6.448820910733895E-01  2.064820842075666E-01  5.916469709565460E-06
 1.307731107820993E+00  1.185167707214789E-01  5.547785865877026E-01  6.448825785856276E-01  2.064821989250983E-01 -3.911186497686664E-06
 1.307731147654845E+00  1.185167699744516E-01  5.944055967552707E-01  6.448697285896644E-01  2.064786152487783E-01 -4.851598593499096E-07
 1.307731103763473E+00  1.185167712793686E-01  6.340325880410382E-01  6.448838018238061E-01  2.064829125340301E-01  4.739770585586277E-06
 1.307731122332812E+00  1.185167752597635E-01  6.736597221556155E-01  6.448812455558298E-01  2.064816281007268E-01 -7.812504116784469E-06
 1.307731123311545E+00  1.185167758232209E-01  7.132866590177120E-01  6.448813838773022E-01  2.064817547265860E-01  7.779978568278819E-06
 1.307731101667681E+00  1.185167706576743E-01  7.529137886469441E-01  6.448833409704759E-01  2.064828004733650E-01 -4.432680696973716E-06
 1.307731148133199E+00  1.185167706157391E-01  7.925407908725706E-01  6.448697402034232E-01  2.064788872056842E-01 -2.439739617403963E-07
 1.307731102412737E+00  1.185167709945736E-01  8.321677857272701E-01  6.448832938716971E-01  2.064827745952605E-01  4.800980794927455E-06
 1.307731122598824E+00  1.185167754813429E-01  8.717949199714505E-01  6.448813826712017E-01  2.064817692599958E-01 -7.581722584850174E-06
 1.307731120527505E+00  1.185167750837620E-01  9.114218537176337E-01  6.448803689056005E-01  2.064813917208736E-01  7.197785508711156E-06
 1.307731105383031E+00  1.185167727699862E-01  9.510490629149051E-01  6.448842593282553E-01  2.064837019534401E-01  4.661155205309913E-05
 1.307730950221227E+00  1.185167158745115E-01  9.906757287998281E-01  6.447342295812695E-01  2.064399440624368E-01 -1.789418513536512E-04
 1.307731524070787E+00  1.185170365986955E-01  1.030306449961670E+00  6.451825725723142E-01  2.066773557881665E-01  1.972144134492485E-03
 1.307721398009326E+00  1.185140105475955E-01  1.069917064646632E+00  6.391646110102380E-01  2.046666905153815E-01 -7.218344226685674E-03
 1.307751955418622E+00  1.185306260615518E-01  1.109591336068779E+00  6.564092812620330E-01  2.154260986371660E-01 -7.502935751755096E-04
 1.308061779391662E+00  1.186736074450415E-01  1.188554785291136E+00  7.310493559222383E-01  2.683842800513314E-01 -3.742287542252827E-01
 1.307750145488548E+00  1.976150844121514E-01  1.190189538211367E-01  6.556655060655425E-01 -9.778133968220155E-02  3.124677758173396E-01
 1.307777171809553E+00  1.976168744913369E-01  1.188692186184305E+00  6.614715916446601E-01 -9.666436355603975E-02 -3.256619375595343E-01
 1.307722027313189E+00  2.372845567445818E-01  1.190045044717683E-01  6.394586556080806E-01 -9.091725197171480E-02  3.029801580650500E-01
 1.307749438792491E+00  2.372842664278225E-01  1.188707240121613E+00  6.455425224740390E-01 -9.111637174807236E-02 -3.159531063294870E-01
 1.307731472944084E+00  2.768962755916789E-01  1.190069858528492E-01  6.451380080328342E-01 -9.977393305596270E-02  3.046424005819002E-01
 1.307758796830496E+00  2.768963194829748E-01  1.188704617937108E+00  6.511593723109093E-01 -9.974170805414243E-02 -3.176840981837727E-01
 1.307730957944264E+00  3.165265163939921E-01  1.190067287882986E-01  6.447507457370562E-01 -9.783191036222734E-02  3.044492694863238E-01
 1.307758286301282E+00  3.165265131231524E-01  1.188704889261682E+00  6.507754728206836E-01 -9.783448670058180E-02 -3.174802213427645E-01
 1.307731111172426E+00  3.561533002266254E-01  1.190067728630235E-01  6.448818689189691E-01 -9.804564985127587E-02  3.044820876588015E-01
 1.307758438883021E+00  3.561533001513754E-01  1.188704842315021E+00  6.509059311199665E-01 -9.804554447875535E-02 -3.175152718527696E-01
 1.307731123410562E+00  3.957803979699558E-01  1.190067762832608E-01  6.448813363825157E-01 -9.800034522849593E-02  3.044819966011599E-01
 1.307758450770748E+00  3.957803978001432E-01  1.188704838640151E+00  6.509052391231918E-01 -9.800041258071836E-02 -3.175149758564652E-01
 1.307731106080887E+00  4.354074227202384E-01  1.190067731076900E-01  6.448831033130217E-01 -9.799768990200350E-02  3.044829015039292E-01
 1.307758433906065E+00  4.354074233133803E-01  1.188704842121423E+00  6.509071996354210E-01 -9.799754040646275E-02 -3.175161621193414E-01
 1.307731127209547E+00  4.750345076408144E-01  1.190067718640307E-01  6.448757689638249E-01 -9.800440712630415E-02  3.044804280898830E-01
 1.307758454581874E+00  4.750345068132889E-01  1.188704843253865E+00  6.508997924562883E-01 -9.800465996616413E-02 -3.175134327481943E-01
 1.307731121095512E+00  5.146614747184501E-01  1.190067745364569E-01  6.448820910733902E-01 -9.799408353030509E-02  3.044820842075959E-01
 1.307758448589441E+00  5.146614755560982E-01  1.188704840507256E+00  6.509060566155548E-01 -9.799379656093256E-02 -3.175151575290772E-01
 1.307731107820993E+00  5.542885865877026E-01  1.190067707214789E-01  6.448825785856268E-01 -9.800391118652374E-02  3.044821989251187E-01
 1.307758435700142E+00  5.542885861643494E-01  1.188704844621278E+00  6.509067157765430E-01 -9.800410916053216E-02 -3.175154884724463E-01
 1.307731147654845E+00  5.939155967552707E-01  1.190067699744516E-01  6.448697285898317E-01 -9.800048515986912E-02  3.044786152487964E-01
 1.307758474664943E+00  5.939155965818897E-01  1.188704845126294E+00  6.508937098497164E-01 -9.800055243035970E-02 -3.175114383634441E-01
 1.307731103763473E+00  6.335425880410382E-01  1.190067712793686E-01  6.448838018238551E-01 -9.799526022938773E-02  3.044829125340520E-01
 1.307758431722565E+00  6.335425888453708E-01  1.188704844066084E+00  6.509079630325121E-01 -9.799492497406327E-02 -3.175162675847074E-01
 1.307731122332812E+00  6.731697221556154E-01  1.190067752597635E-01  6.448812455558088E-01 -9.800781250403362E-02  3.044816281007586E-01
 1.307758449741353E+00  6.731697208212937E-01  1.188704839706079E+00  6.509051763974389E-01 -9.800821009651578E-02 -3.175146315649782E-01
 1.307731123311545E+00  7.127966590177122E-01  1.190067758232209E-01  6.448813838771646E-01 -9.799222002143047E-02  3.044817547265902E-01
 1.307758450685336E+00  7.127966603097906E-01  1.188704839109347E+00  6.509052974955583E-01 -9.799183291092665E-02 -3.175147434480252E-01
 1.307731101667681E+00  7.524237886469440E-01  1.190067706576744E-01  6.448833409704363E-01 -9.800443268078471E-02  3.044828004733948E-01
 1.307758429674449E+00  7.524237879427824E-01  1.188704844739797E+00  6.509075238062919E-01 -9.800473932579737E-02 -3.175161692916588E-01
 1.307731148133199E+00  7.920507908725706E-01  1.190067706157390E-01  6.448697402035400E-01 -9.800024397398510E-02  3.044788872056731E-01
 1.307758475117183E+00  7.920507908412263E-01  1.188704844463407E+00  6.508937048068099E-01 -9.800024838720477E-02 -3.175116959337120E-01
 1.307731102412737E+00  8.316777857272702E-01  1.190067709945736E-01  6.448832938717431E-01 -9.799519901916541E-02  3.044827745951830E-01
 1.307758430389717E+00  8.316777864991738E-01  1.188704844367050E+00  6.509074660256210E-01 -9.799488082920391E-02 -3.175161312785965E-01
 1.307731122598824E+00  8.713049199714505E-01  1.190067754813430E-01  6.448813826711940E-01 -9.800758172250705E-02  3.044817692600443E-01
 1.307758450000895E+00  8.713049186159670E-01  1.188704839477446E+00  6.509053088367245E-01 -9.800799219494852E-02 -3.175147739132246E-01
 1.307731120527505E+00  9.109318537176337E-01  1.190067750837620E-01  6.448803689054753E-01 -9.799280221451845E-02  3.044813917208956E-01
 1.307758447943535E+00  9.109318551271006E-01  1.188704839885241E+00  6.509043086588064E-01 -9.799235077567477E-02 -3.175143866325563E-01
 1.307731105383031E+00  9.505590629149051E-01  1.190067727699862E-01  6.448842593282432E-01 -9.795338844796944E-02  3.044837019534450E-01
 1.307758433288980E+00  9.505590614010062E-01  1.188704842544226E+00  6.509083794890939E-01 -9.795417857289078E-02 -3.175170292549771E-01
 1.307730950221227E+00  9.901857287998280E-01  1.190067158745115E-01  6.447342295812112E-01 -9.817894185135989E-02  3.044399440623711E-01
 1.307758278688798E+00  9.901857351370709E-01  1.188704902711077E+00  6.507591879047490E-01 -9.817451996960781E-02 -3.174704840104507E-01
 1.307731524070787E+00  1.029816449961670E+00  1.190070365986955E-01  6.451825725724660E-01 -9.602785586551607E-02  3.046773557882099E-01
 1.307758845948246E+00  1.029816388390119E+00  1.188704566065962E+00  6.512023679070514E-01 -9.607145748440048E-02 -3.177195540227377E-01
 1.307721398009326E+00  1.069427064646632E+00  1.190040105475955E-01  6.391646110101743E-01 -1.052183442266496E-01  3.026666905154474E-01
 1.307748827603492E+00  1.069427435909519E+00  1.188707747526539E+00  6.452610850935118E-01 -1.049693748365252E-01 -3.156390773840259E-01
 1.307751955418622E+00  1.109101336068780E+00  1.190206260615518E-01  6.564092812619986E-01 -9.875029357516406E-02  3.134260986371599E-01
 1.307778903437050E+00  1.109099282065286E+00  1.188690510743931E+00  6.621604332202846E-01 -9.998386523225919E-02 -3.265780746362180E-01
 1.308061779391662E+00  1.188064785291135E+00  1.191636074450415E-01  7.310493559222655E-01 -4.722287542252264E-01  3.663842800513586E-01
 1.307777171809553E+00  1.188202186184305E+00  1.981068744913367E-01  6.614715916446517E-01 -4.236619375594827E-01  1.335636443950442E-03
 1.307749438792491E+00  1.188217240121613E+00  2.377742664278227E-01  6.455425224739536E-01 -4.139531063295363E-01  6.883628251936649E-03
 1.307758796830496E+00  1.188214617937109E+00  2.773863194829749E-01  6.511593723108955E-01 -4.156840981837852E-01 -1.741708054181508E-03
 1.307758286301282E+00  1.188214889261682E+00  3.170165131231523E-01  6.507754728206762E-01 -4.154802213428116E-01  1.655132994496134E-04
 1.307758438883020E+00  1.188214842315021E+00  3.566433001513752E-01  6.509059311197853E-01 -4.155152718526822E-01 -4.554447876412359E-05
 1.307758450770748E+00  1.188214838640151E+00  3.962703978001431E-01  6.509052391231872E-01 -4.155149758564880E-01 -4.125807537184970E-07
 1.307758433906065E+00  1.188214842121423E+00  4.358974233133805E-01  6.509071996353155E-01 -4.155161621193033E-01  2.459593609139685E-06
 1.307758454581874E+00  1.188214843253865E+00  4.755245068132888E-01  6.508997924562029E-01 -4.155134327482020E-01 -4.659966233535304E-06
 1.307758448589441E+00  1.188214840507255E+00  5.151514755560979E-01  6.509060566156112E-01 -4.155151575291873E-01  6.203438979068089E-06
 1.307758435700142E+00  1.188214844621277E+00  5.547785861643494E-01  6.509067157765770E-01 -4.155154884724582E-01 -4.109160475619845E-06
 1.307758474664943E+00  1.188214845126294E+00  5.944055965818899E-01  6.508937098496335E-01 -4.155114383633781E-01 -5.524303364296340E-07
 1.307758431722565E+00  1.188214844066084E+00  6.340325888453709E-01  6.509079630324275E-01 -4.155162675847711E-01  5.075025954422647E-06
 1.307758449741354E+00  1.188214839706079E+00  6.736597208212937E-01  6.509051763973226E-01 -4.155146315649774E-01 -8.210096576500860E-06
 1.307758450685336E+00  1.188214839109347E+00  7.132866603097904E-01  6.509052974956122E-01 -4.155147434480595E-01  8.167089083761264E-06
 1.307758429674449E+00  1.188214844739796E+00  7.529137879427825E-01  6.509075238062475E-01 -4.155161692916267E-01 -4.739325763367982E-06
 1.307758475117183E+00  1.188214844463408E+00  7.925407908412264E-01  6.508937048067536E-01 -4.155116959336742E-01 -2.483871901909948E-07
 1.307758430389717E+00  1.188214844367050E+00  8.321677864991739E-01  6.509074660256116E-01 -4.155161312785824E-01  5.119170811248962E-06
 1.307758450000895E+00  1.188214839477445E+00  8.717949186159671E-01  6.509053088366712E-01 -4.155147739132150E-01 -7.992194950376843E-06
 1.307758447943534E+00  1.188214839885241E+00  9.114218551271005E-01  6.509043086586567E-01 -4.155143866325119E-01  7.649224302072173E-06
 1.307758433288980E+00  1.188214842544226E+00  9.510490614010064E-01  6.509083794891510E-01 -4.155170292550334E-01  4.582142710286049E-05
 1.307758278688798E+00  1.188214902711078E+00  9.906757351370711E-01  6.507591879046760E-01 -4.154704840103607E-01 -1.745199695719105E-04
 1.307758845948246E+00  1.188214566065962E+00  1.030306388390120E+00  6.512023679069702E-01 -4.157195540226685E-01  1.928542515599947E-03
 1.307748827603492E+00  1.188217747526539E+00  1.069917435909520E+00  6.452610850934740E-01 -4.136390773840823E-01 -6.969374836509108E-03
 1.307778903437050E+00  1.188200510743931E+00  1.109589282065286E+00  6.621604332199584E-01 -4.245780746362187E-01 -1.983865232259791E-03
 1.308081872841461E+00  1.188053963582711E+00  1.188543963582711E+00  7.326340788467463E-01 -4.724361131430335E-01 -3.744361131430839E-01
 1.309035228337376E+00  4.229825735393079E-02  7.912038578944543E-02  2.520063122251855E-01  4.365342753236580E-01 -1.350960474287906E-01
 1.309319742603204E+00  4.099416899512753E-02  1.190007330365004E-01  3.004739601504565E-01  2.409379653446444E-01  1.498724017736746E-02
 1.309217761699978E+00  4.110794711808994E-02  1.585095124603995E-01  3.210956795155748E-01  4.536918954159976E-01 -1.977272233983816E-02
 1.309273853369942E+00  4.099030908830639E-02  1.981331247681464E-01  3.232564272206992E-01  3.481616779306046E-01  9.098063142626711E-03
 1.309263120915552E+00  4.098317486925687E-02  2.377655558935231E-01  3.191903073698051E-01  3.508592634080734E-01  1.484029300186600E-03
 1.309268904548118E+00  4.098344591099683E-02  2.773874702905093E-01  3.223127754413616E-01  3.499391202273094E-01 -9.198356257179347E-04
 1.309268586006968E+00  4.098308334394624E-02  3.170164518599088E-01  3.220736188716736E-01  3.496666504231203E-01  1.089199928238933E-04
 1.309268719821808E+00  4.098318502260428E-02  3.566432971009310E-01  3.221779167002848E-01  3.497300103350338E-01 -4.103383225907749E-05
 1.309268718206867E+00  4.098317396761224E-02  3.962703946919602E-01  3.221754354973551E-01  3.497221320512083E-01 -2.494807682236728E-07
 1.309268717986498E+00  4.098318914217546E-02  4.358974380778560E-01  3.221781888416187E-01  3.497314810355628E-01  4.380464839093093E-07
 1.309268719795818E+00  4.098316150002031E-02  4.755244810312608E-01  3.221753877282424E-01  3.497256507795340E-01 -2.302165566275403E-06
 1.309268722682103E+00  4.098317931480090E-02  5.151515045647563E-01  3.221775405688152E-01  3.497262801819851E-01  3.142378843899315E-06
 1.309268724452940E+00  4.098319044741561E-02  5.547785667317683E-01  3.221799479883228E-01  3.497344623572933E-01 -3.329760162581451E-06
 1.309268725938140E+00  4.098313825303140E-02  5.944055934985897E-01  3.221742075796465E-01  3.497226831930800E-01 -1.102345706681685E-07
 1.309268722508621E+00  4.098319467304769E-02  6.340326169632056E-01  3.221803631170137E-01  3.497357674943822E-01  3.958206784091832E-06
 1.309268719114752E+00  4.098317483362472E-02  6.736596785592840E-01  3.221760208803920E-01  3.497232945951968E-01 -3.545135014012635E-06
 1.309268718864905E+00  4.098317436958444E-02  7.132867018159903E-01  3.221759618690159E-01  3.497227375758778E-01  3.622014071039422E-06
 1.309268721995408E+00  4.098319487403511E-02  7.529137617314038E-01  3.221801287387704E-01  3.497363214704186E-01 -4.011748238237507E-06
 1.309268725221188E+00  4.098313769226359E-02  7.925407903692251E-01  3.221736866651066E-01  3.497218883964305E-01  1.892618408798269E-07
 1.309268721759292E+00  4.098319482327280E-02  8.321678138207509E-01  3.221801306662339E-01  3.497360716202803E-01  3.797460687882684E-06
 1.309268719079277E+00  4.098317476219931E-02  8.717948758723003E-01  3.221759541592875E-01  3.497231270766531E-01 -3.538200810907845E-06
 1.309268717536063E+00  4.098317478424873E-02  9.114218993688302E-01  3.221756235548437E-01  3.497235185391371E-01  3.952440012242380E-06
 1.309268721659779E+00  4.098319317870529E-02  9.510490189852733E-01  3.221793166589315E-01  3.497338208260533E-01  3.996824489422855E-05
 1.309268578662943E+00  4.098306039745149E-02  9.906758591044450E-01  3.220682571730525E-01  3.496621951867828E-01 -9.703017130975169E-05
 1.309268866452015E+00  4.098332505982329E-02  1.030304817760468E+00  3.222874158670153E-01  3.498360706469154E-01  8.864088757088480E-04
 1.309263173085241E+00  4.098353974002631E-02  1.069927588902951E+00  3.193288085406901E-01  3.513784449286741E-01 -9.793837345000759E-04
 1.309272907163941E+00  4.098774350017704E-02  1.109559336481163E+00  3.223871398689112E-01  3.456362392751485E-01 -8.892252501871544E-03
 1.309216234883324E+00  4.110349854064407E-02  1.149189242990832E+00  3.203106895261451E-01  4.505399122110026E-01  2.037621102945014E-02
 1.309308065797460E+00  4.099513077222994E-02  1.188717002588409E+00  2.938427783511052E-01  2.426571467185303E-01 -4.754788718002931E-03
 1.308990932176738E+00  4.226982193197459E-02  1.228525082437655E+00  2.208097258267849E-01  4.104719037411134E-01  1.166247724081525E-01
 1.308953233401845E+00  7.862972308476361E-02  4.274839768135341E-02  1.905101105763944E-01 -2.335930759401340E-01  5.046395208905983E-01
 1.308849383352079E+00  7.860790249837729E-02  1.265221167620889E+00  4.746553033469525E-02 -2.241620956574084E-01 -3.905947866252397E-01
 1.309224057681541E+00  1.185122312234037E-01  4.145150999829634E-02  2.287102689033702E-01 -8.188911964513225E-02  3.144437177212133E-01
 1.309018070998662E+00  1.185344510266742E-01  1.266482089367887E+00  2.051548176420070E-02 -7.253242239458565E-02 -1.853528920718935E-01
 1.309119755320915E+00  1.580194434978902E-01  4.156132457181739E-02  2.475908952181011E-01 -1.178244442218572E-01  5.242249857116692E-01
 1.308951427708301E+00  1.580152474804542E-01  1.266344309279909E+00  6.132118662965544E-02 -1.184216507914883E-01 -4.047155051128759E-01
 1.309176447014689E+00  1.976431236621766E-01  4.144505314200937E-02  2.502016607807867E-01 -8.890276633471723E-02  4.197197182078229E-01
 1.308995644378756E+00  1.976441376646835E-01  1.266468858981721E+00  5.600746193779760E-02 -8.867492264552090E-02 -2.948319901982308E-01
 1.309165556881340E+00  2.372755538771650E-01  4.143775404929451E-02  2.460172817105985E-01 -9.651748296841325E-02  4.222936484362811E-01
 1.308985884992046E+00  2.372753545352350E-01  1.266474603256267E+00  5.252115599879525E-02 -9.662469492969353E-02 -2.981700472074515E-01
 1.309171386919543E+00  2.768974703598641E-01  4.143806999325782E-02  2.491745540102616E-01 -9.891978360960056E-02  4.214071819230822E-01
 1.308991364260429E+00  2.768975166433202E-01  1.266474558305180E+00  5.543412174014348E-02 -9.888676416041754E-02 -2.970700203088417E-01
 1.309171065525516E+00  3.165264518791553E-01  4.143770643405369E-02  2.489332577825460E-01 -9.789106557238314E-02  4.211339680037441E-01
 1.308991043424958E+00  3.165264505892446E-01  1.266474920783700E+00  5.519327203630237E-02 -9.789236243600427E-02 -2.967976562643712E-01
 1.309171200272981E+00  3.561532970995597E-01  4.143780812539517E-02  2.490382550803169E-01 -9.804103486073355E-02  4.211973374282814E-01
 1.308991181448543E+00  3.561532970294640E-01  1.266474815043379E+00  5.530026340631733E-02 -9.804087012221920E-02 -2.968638052902783E-01
 1.309171198736556E+00  3.957803946918294E-01  4.143779732847479E-02  2.490358327635216E-01 -9.800024957887550E-02  4.211896526981397E-01
 1.308991179288455E+00  3.957803946098646E-01  1.266474826059188E+00  5.529769393444856E-02 -9.800023792318413E-02 -2.968562622177465E-01
 1.309171198414787E+00  4.354074380841786E-01  4.143781214751942E-02  2.490385100581453E-01 -9.799955721159616E-02  4.211987350435301E-01
 1.308991180171872E+00  4.354074384425066E-01  1.266474810950130E+00  5.530084212958458E-02 -9.799965877000132E-02 -2.968652413420699E-01
 1.309171200218716E+00  4.750344810052436E-01  4.143778500753975E-02  2.490357049017395E-01 -9.800232167849704E-02  4.211932814191157E-01
 1.308991179469804E+00  4.750344800500048E-01  1.266474838775892E+00  5.529684682802008E-02 -9.800240654051659E-02 -2.968596239560759E-01
 1.309171203182789E+00  5.146615046012133E-01  4.143780256599816E-02  2.490379160834760E-01 -9.799683027836513E-02  4.211937185799270E-01
 1.308991183511357E+00  5.146615059846090E-01  1.266474820953329E+00  5.529946630095484E-02 -9.799658758254594E-02 -2.968600681589502E-01
 1.309171204855536E+00  5.542885666975860E-01  4.143781341370890E-02  2.490402499350470E-01 -9.800335539701485E-02  4.212016870772501E-01
 1.308991185713812E+00  5.542885655321850E-01  1.266474810038169E+00  5.530186567189810E-02 -9.800372329687101E-02 -2.968677896333755E-01
 1.309171206329709E+00  5.939155934975332E-01  4.143776216158575E-02  2.490345012558459E-01 -9.800011102694843E-02  4.211906146088239E-01
 1.308991182703688E+00  5.939155934438047E-01  1.266474862696162E+00  5.529406778971308E-02 -9.800008125598504E-02 -2.968564547413001E-01
 1.309171202910808E+00  6.335426170027877E-01  4.143781757196888E-02  2.490406647579216E-01 -9.799601210657606E-02  4.212029416851619E-01
 1.308991184465834E+00  6.335426183541876E-01  1.266474805602079E+00  5.530270048918745E-02 -9.799566170216115E-02 -2.968692123763367E-01
 1.309171199635391E+00  6.731696785165956E-01  4.143779817486547E-02  2.490364113590764E-01 -9.800357715129346E-02  4.211908005257106E-01
 1.308991180171601E+00  6.731696768284299E-01  1.266474825127607E+00  5.529822862034164E-02 -9.800373103207026E-02 -2.968573819531605E-01
 1.309171199397533E+00  7.127967018585945E-01  4.143779772675266E-02  2.490363613403401E-01 -9.799634603275330E-02  4.211902554520865E-01
 1.308991179981448E+00  7.127967035451137E-01  1.266474825555457E+00  5.529823036947903E-02 -9.799618462460760E-02 -2.968568956422736E-01
 1.309171202373481E+00  7.524237616933521E-01  4.143781774100481E-02  2.490404122937162E-01 -9.800404028687297E-02  4.212034716976896E-01
 1.308991183935934E+00  7.524237603204910E-01  1.266474805513672E+00  5.530243266755588E-02 -9.800442561695696E-02 -2.968696771095066E-01
 1.309171205615391E+00  7.920507903681668E-01  4.143776161085561E-02  2.490339823171648E-01 -9.799981153178564E-02  4.211898273404810E-01
 1.308991181977269E+00  7.920507904030749E-01  1.266474863333848E+00  5.529356099631988E-02 -9.799978545870047E-02 -2.968556612479344E-01
 1.309171202154110E+00  8.316778138599717E-01  4.143781771043561E-02  2.490404267804035E-01 -9.799617312370626E-02  4.212032369923974E-01
 1.308991183801208E+00  8.316778151929923E-01  1.266474805415650E+00  5.530252163645852E-02 -9.799582377158213E-02 -2.968695394402266E-01
 1.309171199601020E+00  8.713048758295437E-01  4.143779810511805E-02  2.490363454664664E-01 -9.800357026819939E-02  4.211906342656818E-01
 1.308991180122396E+00  8.713048741291630E-01  1.266474825230926E+00  5.529815452995729E-02 -9.800372792532824E-02 -2.968572002668564E-01
 1.309171198053795E+00  9.109318994122592E-01  4.143779811645656E-02  2.490360118538403E-01 -9.799601498825675E-02  4.211910176949998E-01
 1.308991178822400E+00  9.109319011594509E-01  1.266474825046646E+00  5.529799548897124E-02 -9.799584493183978E-02 -2.968577234812118E-01
 1.309171202057601E+00  9.505590189462236E-01  4.143781609258828E-02  2.490396150254530E-01 -9.796006104238664E-02  4.212010062382883E-01
 1.308991183429586E+00  9.505590171444969E-01  1.266474807458534E+00  5.530156355274463E-02 -9.796059053029262E-02 -2.968671509095510E-01
 1.309171058045514E+00  9.901858591124466E-01  4.143768371629431E-02  2.489277941015671E-01 -9.809702417011612E-02  4.211296843189437E-01
 1.308991035083692E+00  9.901858626569670E-01  1.266474943086922E+00  5.518755989103355E-02 -9.809481709570855E-02 -2.967938805579776E-01
 1.309171348741482E+00  1.029814817604929E+00  4.143794908496254E-02  2.491491329676528E-01 -9.711370777855353E-02  4.213040895013674E-01
 1.308991324783657E+00  1.029814762938491E+00  1.266474690209934E+00  5.540757484920317E-02 -9.714991208954886E-02 -2.969586642464158E-01
 1.309165606844203E+00  1.069437590967083E+00  4.143811406181568E-02  2.461541277622097E-01 -9.897783563591242E-02  4.228091862706199E-01
 1.308985965308641E+00  1.069437788229096E+00  1.266474178978253E+00  5.267326161906194E-02 -9.888535320526293E-02 -2.987109658458613E-01
 1.309175497708364E+00  1.109069334858520E+00  4.144249205625452E-02  2.493300481860019E-01 -1.068934694841302E-01  4.171976563331864E-01
 1.308994651314969E+00  1.109068306684867E+00  1.266471699956918E+00  5.514319962255876E-02 -1.070458241056030E-01 -2.922686664294739E-01
 1.309118175105362E+00  1.148699309717486E+00  4.155674987095716E-02  2.467658560543209E-01 -7.757374398035703E-02  5.209784099460656E-01
 1.308949654287906E+00  1.148703313882427E+00  1.266349883953113E+00  6.016355733965861E-02 -7.719765792663866E-02 -4.003438742992155E-01
 1.309207753345497E+00  1.188227127155911E+00  4.145244043527990E-02  2.186084393792653E-01 -1.026613630914232E-01  3.161393940059916E-01
 1.309001864751358E+00  1.188206080081927E+00  1.266480675286941E+00  1.079679355851704E-02 -1.116970612619317E-01 -1.884851339402214E-01
 1.308893807509688E+00  1.228027080686183E+00  4.271866500237985E-02  1.479662255392682E-01  1.262345880400450E-02  4.776042065449959E-01
 1.308788904307843E+00  1.228045657203213E+00  1.265266871057033E+00  5.060450791950083E-03  1.321765074009020E-03 -3.583513180411111E-01
 1.308835555967944E+00  1.264732445011838E+00  7.910695605512265E-02  3.709499223343682E-02 -4.876367434138890E-01 -1.193719280984558E-01
 1.309013301248355E+00  1.265992285224369E+00  1.190229886517545E-01  1.693816903382889E-02 -2.832059997107069E-01  2.437079641574201E-02
 1.308951427708301E+00  1.265854309279910E+00  1.585052474804542E-01  6.132118662964767E-02 -5.027155051128744E-01 -2.042165079147359E-02
 1.308995644378756E+00  1.265978858981721E+00  1.981341376646836E-01  5.600746193779219E-02 -3.928319901983153E-01  9.325077354524309E-03
 1.308985884992045E+00  1.265984603256266E+00  2.377653545352350E-01  5.252115599874393E-02 -3.961700472073880E-01  1.375305070250896E-03
 1.308991364260429E+00  1.265984558305180E+00  2.773875166433202E-01  5.543412174022291E-02 -3.950700203090416E-01 -8.867641603740070E-04
 1.308991043424958E+00  1.265984920783700E+00  3.170164505892447E-01  5.519327203619448E-02 -3.947976562641757E-01  1.076375640606581E-04
 1.308991181448543E+00  1.265984815043379E+00  3.566432970294639E-01  5.530026340630007E-02 -3.948638052902557E-01 -4.087012224759401E-05
 1.308991179288455E+00  1.265984826059188E+00  3.962703946098645E-01  5.529769393440973E-02 -3.948562622177418E-01 -2.379232119338162E-07
 1.308991180171872E+00  1.265984810950129E+00  4.358974384425065E-01  5.530084212959191E-02 -3.948652413420575E-01  3.412299550072970E-07
 1.308991179469804E+00  1.265984838775892E+00  4.755244800500048E-01  5.529684682804187E-02 -3.948596239560064E-01 -2.406540498218700E-06
 1.308991183511357E+00  1.265984820953329E+00  5.151515059846091E-01  5.529946630093066E-02 -3.948600681589153E-01  3.412417444112926E-06
 1.308991185713812E+00  1.265984810038169E+00  5.547785655321851E-01  5.530186567196083E-02 -3.948677896333567E-01 -3.723296880398218E-06
 1.308991182703688E+00  1.265984862696162E+00  5.944055934438046E-01  5.529406778970641E-02 -3.948564547413813E-01 -8.125589143982381E-08
 1.308991184465834E+00  1.265984805602079E+00  6.340326183541874E-01  5.530270048911054E-02 -3.948692123764034E-01  4.338297848049501E-06
 1.308991180171601E+00  1.265984825127607E+00  6.736596768284299E-01  5.529822862033093E-02 -3.948573819531105E-01 -3.731032096931549E-06
 1.308991179981448E+00  1.265984825555457E+00  7.132867035451137E-01  5.529823036947912E-02 -3.948568956422304E-01  3.815375345628886E-06
 1.308991183935934E+00  1.265984805513672E+00  7.529137603204911E-01  5.530243266760196E-02 -3.948696771095347E-01 -4.425616967404804E-06
 1.308991181977269E+00  1.265984863333848E+00  7.925407904030749E-01  5.529356099627294E-02 -3.948556612479980E-01  2.145413114917874E-07
 1.308991183801208E+00  1.265984805415650E+00  8.321678151929923E-01  5.530252163652391E-02 -3.948695394402485E-01  4.176228407091646E-06
 1.308991180122396E+00  1.265984825230926E+00  8.717948741291631E-01  5.529815452995335E-02 -3.948572002668007E-01 -3.727925304170999E-06
 1.308991178822400E+00  1.265984825046647E+00  9.114219011594510E-01  5.529799548896067E-02 -3.948577234812449E-01  4.155068158212439E-06
 1.308991183429586E+00  1.265984807458534E+00  9.510490171444967E-01  5.530156355273030E-02 -3.948671509095923E-01  3.940946966567101E-05
 1.308991035083692E+00  1.265984943086922E+00  9.906758626569669E-01  5.518755989106330E-02 -3.947938805580017E-01 -9.481709567078141E-05
 1.308991324783657E+00  1.265984690209934E+00  1.030304762938491E+00  5.540757484911388E-02 -3.949586642464277E-01  8.500879104328000E-04
 1.308985965308641E+00  1.265984178978254E+00  1.069927788229096E+00  5.267326161913882E-02 -3.967109658458711E-01 -8.853532052936394E-04
 1.308994651314969E+00  1.265981699956918E+00  1.109558306684867E+00  5.514319962249295E-02 -3.902686664294392E-01 -9.045824105529780E-03
 1.308949654287906E+00  1.265859883953113E+00  1.149193313882426E+00  6.016355733952175E-02 -4.983438742991367E-01  2.080234207333473E-02
 1.309001864751358E+00  1.265990675286941E+00  1.188696080081928E+00  1.079679355859037E-02 -2.864851339402961E-01 -1.369706126190412E-02
 1.308788904307842E+00  1.264776871057033E+00  1.228535657203213E+00  5.060450791809473E-03 -4.563513180411947E-01  9.932176507397772E-02
 1.308822425239557E+00  3.984801165903732E-02  4.034180953195294E-02  1.043352959565801E-02  2.244136772339322E-02  1.334012520141566E-01
 1.308539766730108E+00  3.988387652311189E-02  1.267551638694171E+00 -1.270153655089214E-01  1.646290509444256E-02 -9.827974646702474E-02
 1.308420569157261E+00  1.267063482128221E+00  4.037217808441901E-02 -1.681261687882069E-01 -1.953691830191848E-01  1.235691380217013E-01
 1.308093359372853E+00  1.267038588860925E+00  1.267528588860925E+00 -3.298881440446404E-01 -1.844902474197178E-01 -8.649024741971817E-02
