 4.275101827706355E-02  1.308449333557290E+00  7.912824425214027E-02  5.066049676733175E-01  8.208522716059002E-02 -1.292022004077203E-01
 4.145731440851248E-02  1.308729986394201E+00  1.190008863593285E-01  3.187970253833607E-01  1.276568033976431E-01  1.510223229853121E-02
 4.156739144255373E-02  1.308630572200083E+00  1.585094367146591E-01  5.287751387639472E-01  1.502035545939717E-01 -1.982953164516748E-02
 4.145115680196448E-02  1.308687264181396E+00  1.981331224063403E-01  4.242974631741944E-01  1.528145358111285E-01  9.096291787997458E-03
 4.144388230142949E-02  1.308676377426595E+00  2.377655536472723E-01  4.268898375374067E-01  1.486326906520164E-01  1.482344612074298E-03
 4.144419471843823E-02  1.308682206867113E+00  2.773874703652998E-01  4.260007258083330E-01  1.517895146877939E-01 -9.197795328139579E-04
 4.144383131713700E-02  1.308681885487512E+00  3.170164518806978E-01  4.257276303161213E-01  1.515482292793364E-01  1.089355845687876E-04
 4.144393286759310E-02  1.308682020220255E+00  3.566432971000359E-01  4.257908940766731E-01  1.516532155353880E-01 -4.103450361563285E-05
 4.144392207709768E-02  1.308682018682922E+00  3.962703946919240E-01  4.257832141653325E-01  1.516507925387903E-01 -2.495079030235992E-07
 4.144393687420685E-02  1.308682018360089E+00  4.358974380840346E-01  4.257922800591228E-01  1.516534690344372E-01  4.426805711472408E-07
 4.144390982727597E-02  1.308682020173809E+00  4.755244810036516E-01  4.257868962212240E-01  1.516506712216056E-01 -2.322872544731388E-06
 4.144392732300058E-02  1.308682023129343E+00  5.151515046037017E-01  4.257872863318326E-01  1.516528759988050E-01  3.171587927931370E-06
 4.144393816108125E-02  1.308682024807191E+00  5.547785666947059E-01  4.257952476065252E-01  1.516552136768588E-01 -3.357556934516722E-06
 4.144388708278398E-02  1.308682026293687E+00  5.944055934974241E-01  4.257843055075606E-01  1.516494742395385E-01 -1.111087953047194E-07
 4.144394230789543E-02  1.308682022856318E+00  6.340326170060867E-01  4.257964936302275E-01  1.516556238900970E-01  3.990367714238765E-06
 4.144392292324044E-02  1.308682019584397E+00  6.736596785142343E-01  4.257843618070202E-01  1.516513731140267E-01 -3.578922315452837E-06
 4.144392247798636E-02  1.308682019341858E+00  7.132867018609624E-01  4.257838188773530E-01  1.516513195840563E-01  3.655743220879327E-06
 4.144394247276754E-02  1.308682022323529E+00  7.529137616902879E-01  4.257970205197823E-01  1.516553748298572E-01 -4.042585047443931E-06
 4.144388653081682E-02  1.308682025579119E+00  7.925407903679506E-01  4.257835173113981E-01  1.516489551131123E-01  1.883060099846332E-07
 4.144394244639232E-02  1.308682022099653E+00  8.321678138632514E-01  4.257967889600230E-01  1.516553859376726E-01  3.829336100103187E-06
 4.144392285318660E-02  1.308682019549976E+00  8.717948758271824E-01  4.257841953171425E-01  1.516513071840713E-01 -3.572039328679695E-06
 4.144392286806405E-02  1.308682017998166E+00  9.114218994146597E-01  4.257845814008047E-01  1.516509701320323E-01  3.986812122782474E-06
 4.144394082178755E-02  1.308682022007029E+00  9.510490189433133E-01  4.257945531378569E-01  1.516545770966815E-01  3.993677494874475E-05
 4.144380866794041E-02  1.308681878013947E+00  9.906758591124912E-01  4.257233980534909E-01  1.515427704260176E-01 -9.702413662138917E-05
 4.144407369168242E-02  1.308682168667759E+00  1.030304817592892E+00  4.258975445413494E-01  1.517640776749838E-01  8.862831938135556E-04
 4.144424336813832E-02  1.308676427337904E+00  1.069927591162415E+00  4.274061660127340E-01  1.487694980378833E-01 -9.776891370020682E-04
 4.144859638699380E-02  1.308686313957184E+00  1.109559336138707E+00  4.217759043877360E-01  1.519422348013670E-01 -8.892509343543376E-03
 4.156283329879006E-02  1.308628986981800E+00  1.149189316228392E+00  5.255409808205911E-01  1.493747633830680E-01  2.043113919948145E-02
 4.145863159771190E-02  1.308718534582744E+00  1.188717105190744E+00  3.207827658300427E-01  1.211943673141194E-01 -4.677836966588026E-03
 4.272167042657218E-02  1.308404455553234E+00  1.228517453154850E+00  4.798582746891421E-01  5.045225819881782E-02  1.109028103042338E-01
 7.912824425214028E-02  1.308449333557290E+00  4.275101827706354E-02 -1.292022004077170E-01  8.208522716059644E-02  5.066049676733162E-01
 7.910647599125212E-02  1.308345941692133E+00  1.265222283670974E+00 -1.197319760012794E-01 -6.061571462478446E-02 -3.897577490615114E-01
 1.190008863593285E-01  1.308729986394201E+00  4.145731440851248E-02  1.510223229853415E-02  1.276568033976404E-01  3.187970253833569E-01
 1.190232752140067E-01  1.308523302909457E+00  1.266482290253574E+00  2.458571810474544E-02 -8.106058514024778E-02 -1.852022278060879E-01
 1.585094367146591E-01  1.308630572200083E+00  4.156739144255373E-02 -1.982953164516980E-02  1.502035545939688E-01  5.287751387639419E-01
 1.585052474804542E-01  1.308461427708301E+00  1.266344309279909E+00 -2.042165079151638E-02 -3.667881337034745E-02 -4.047155051128912E-01
 1.981331224063403E-01  1.308687264181396E+00  4.145115680196446E-02  9.096291787982819E-03  1.528145358111298E-01  4.242974631741766E-01
 1.981341376646836E-01  1.308505644378756E+00  1.266468858981721E+00  9.325077354514225E-03 -4.199253806222705E-02 -2.948319901983415E-01
 2.377655536472724E-01  1.308676377426595E+00  4.144388230142936E-02  1.482344612078046E-03  1.486326906520280E-01  4.268898375373873E-01
 2.377653545352349E-01  1.308495884992046E+00  1.266474603256266E+00  1.375305070226513E-03 -4.547884400119728E-02 -2.981700472074217E-01
 2.773874703652998E-01  1.308682206867113E+00  4.144419471843822E-02 -9.197795328037236E-04  1.517895146877809E-01  4.260007258083219E-01
 2.773875166433201E-01  1.308501364260429E+00  1.266474558305180E+00 -8.867641604469443E-04 -4.256587825979299E-02 -2.970700203090731E-01
 3.170164518806978E-01  1.308681885487512E+00  4.144383131713691E-02  1.089355845637790E-04  1.515482292793347E-01  4.257276303160626E-01
 3.170164505892445E-01  1.308501043424958E+00  1.266474920783700E+00  1.076375640517639E-04 -4.280672796370275E-02 -2.967976562642187E-01
 3.566432971000359E-01  1.308682020220255E+00  4.144393286759307E-02 -4.103450362237999E-05  1.516532155353774E-01  4.257908940766320E-01
 3.566432970294640E-01  1.308501181448543E+00  1.266474815043379E+00 -4.087012213994142E-05 -4.269973659368945E-02 -2.968638052902882E-01
 3.962703946919240E-01  1.308682018682922E+00  4.144392207709767E-02 -2.495078859135463E-07  1.516507925387908E-01  4.257832141653376E-01
 3.962703946098644E-01  1.308501179288455E+00  1.266474826059188E+00 -2.379231653659215E-07 -4.270230606563807E-02 -2.968562622177342E-01
 4.358974380840346E-01  1.308682018360089E+00  4.144393687420690E-02  4.426805715641654E-07  1.516534690344347E-01  4.257922800591741E-01
 4.358974384425064E-01  1.308501180171872E+00  1.266474810950129E+00  3.412299147079905E-07 -4.269915787040310E-02 -2.968652413420917E-01
 4.755244810036515E-01  1.308682020173809E+00  4.144390982727596E-02 -2.322872548632563E-06  1.516506712215944E-01  4.257868962212153E-01
 4.755244800500049E-01  1.308501179469804E+00  1.266474838775892E+00 -2.406540527166012E-06 -4.270315317193243E-02 -2.968596239559758E-01
 5.151515046037018E-01  1.308682023129343E+00  4.144392732300057E-02  3.171587914760729E-06  1.516528759987981E-01  4.257872863318236E-01
 5.151515059846090E-01  1.308501183511358E+00  1.266474820953329E+00  3.412417469256948E-06 -4.270053369902482E-02 -2.968600681589476E-01
 5.547785666947059E-01  1.308682024807191E+00  4.144393816108126E-02 -3.357556939303836E-06  1.516552136768753E-01  4.257952476065332E-01
 5.547785655321851E-01  1.308501185713812E+00  1.266474810038168E+00 -3.723296859361884E-06 -4.269813432803315E-02 -2.968677896333171E-01
 5.944055934974241E-01  1.308682026293687E+00  4.144388708278398E-02 -1.111087815809449E-07  1.516494742395357E-01  4.257843055075599E-01
 5.944055934438048E-01  1.308501182703688E+00  1.266474862696162E+00 -8.125595406140787E-08 -4.270593221027072E-02 -2.968564547412830E-01
 6.340326170060867E-01  1.308682022856318E+00  4.144394230789545E-02  3.990367701743991E-06  1.516556238900984E-01  4.257964936302401E-01
 6.340326183541876E-01  1.308501184465834E+00  1.266474805602079E+00  4.338297869625337E-06 -4.269729951080586E-02 -2.968692123764095E-01
 6.736596785142343E-01  1.308682019584397E+00  4.144392292324053E-02 -3.578922320977730E-06  1.516513731140501E-01  4.257843618070517E-01
 6.736596768284298E-01  1.308501180171601E+00  1.266474825127607E+00 -3.731032082772855E-06 -4.270177137967615E-02 -2.968573819530850E-01
 7.132867018609625E-01  1.308682019341858E+00  4.144392247798633E-02  3.655743227734824E-06  1.516513195840547E-01  4.257838188773322E-01
 7.132867035451136E-01  1.308501179981447E+00  1.266474825555457E+00  3.815375365212387E-06 -4.270176963052466E-02 -2.968568956421710E-01
 7.529137616902879E-01  1.308682022323529E+00  4.144394247276755E-02 -4.042585043886744E-06  1.516553748298713E-01  4.257970205198104E-01
 7.529137603204910E-01  1.308501183935934E+00  1.266474805513672E+00 -4.425616905387327E-06 -4.269756733241359E-02 -2.968696771094784E-01
 7.925407903679506E-01  1.308682025579119E+00  4.144388653081682E-02  1.883060204958640E-07  1.516489551131034E-01  4.257835173113959E-01
 7.925407904030750E-01  1.308501181977270E+00  1.266474863333848E+00  2.145413105387878E-07 -4.270643900379087E-02 -2.968556612479478E-01
 8.321678138632514E-01  1.308682022099653E+00  4.144394244639232E-02  3.829336095846664E-06  1.516553859376708E-01  4.257967889600256E-01
 8.321678151929922E-01  1.308501183801208E+00  1.266474805415650E+00  4.176228333877499E-06 -4.269747836350846E-02 -2.968695394402333E-01
 8.717948758271824E-01  1.308682019549976E+00  4.144392285318661E-02 -3.572039330837654E-06  1.516513071840651E-01  4.257841953171427E-01
 8.717948741291630E-01  1.308501180122396E+00  1.266474825230926E+00 -3.727925405227225E-06 -4.270184547000308E-02 -2.968572002668500E-01
 9.114218994146597E-01  1.308682017998166E+00  4.144392286806407E-02  3.986812109136634E-06  1.516509701320343E-01  4.257845814008075E-01
 9.114219011594511E-01  1.308501178822400E+00  1.266474825046646E+00  4.155068178407052E-06 -4.270200451094230E-02 -2.968577234812423E-01
 9.510490189433133E-01  1.308682022007029E+00  4.144394082178757E-02  3.993677495299872E-05  1.516545770967069E-01  4.257945531378634E-01
 9.510490171444967E-01  1.308501183429586E+00  1.266474807458534E+00  3.940946975486972E-05 -4.269843644723634E-02 -2.968671509095090E-01
 9.906758591124911E-01  1.308681878013947E+00  4.144380866794036E-02 -9.702413660900248E-05  1.515427704260164E-01  4.257233980534617E-01
 9.906758626569671E-01  1.308501035083692E+00  1.266474943086922E+00 -9.481709571616017E-05 -4.281244010892368E-02 -2.967938805580145E-01
 1.030304817592892E+00  1.308682168667759E+00  4.144407369168240E-02  8.862831938226093E-04  1.517640776749614E-01  4.258975445413358E-01
 1.030304762938491E+00  1.308501324783657E+00  1.266474690209934E+00  8.500879104514358E-04 -4.259242515084541E-02 -2.969586642463948E-01
 1.069927591162415E+00  1.308676427337904E+00  4.144424336813832E-02 -9.776891370108483E-04  1.487694980378804E-01  4.274061660127300E-01
 1.069927788229096E+00  1.308495965308641E+00  1.266474178978253E+00 -8.853532052630287E-04 -4.532673838089005E-02 -2.987109658459071E-01
 1.109559336138707E+00  1.308686313957184E+00  4.144859638699381E-02 -8.892509343522070E-03  1.519422348013647E-01  4.217759043877385E-01
 1.109558306684867E+00  1.308504651314968E+00  1.266471699956917E+00 -9.045824105586535E-03 -4.285680037743772E-02 -2.922686664294534E-01
 1.149189316228392E+00  1.308628986981800E+00  4.156283329879004E-02  2.043113919946880E-02  1.493747633830403E-01  5.255409808205788E-01
 1.149193313882426E+00  1.308459654287906E+00  1.266349883953113E+00  2.080234207335285E-02 -3.783644266045327E-02 -4.003438742991773E-01
 1.188717105190744E+00  1.308718534582744E+00  4.145863159771190E-02 -4.677836966583818E-03  1.211943673141197E-01  3.207827658300439E-01
 1.188696080081928E+00  1.308511864751358E+00  1.266480675286941E+00 -1.369706126188630E-02 -8.720320644140989E-02 -1.884851339402845E-01
 1.228517453154850E+00  1.308404455553234E+00  4.272167042657217E-02  1.109028103041910E-01  5.045225819880536E-02  4.798582746891423E-01
 1.228535657203213E+00  1.308298904307843E+00  1.265266871057033E+00  9.932176507401179E-02 -9.293954920814843E-02 -3.583513180410958E-01
 1.265222283670974E+00  1.308345941692133E+00  7.910647599125216E-02 -3.897577490615048E-01 -6.061571462478813E-02 -1.197319760012423E-01
 1.266482290253574E+00  1.308523302909457E+00  1.190232752140067E-01 -1.852022278060949E-01 -8.106058514025238E-02  2.458571810474614E-02
 1.266344309279909E+00  1.308461427708301E+00  1.585052474804542E-01 -4.047155051128954E-01 -3.667881337034773E-02 -2.042165079152489E-02
 1.266468858981721E+00  1.308505644378756E+00  1.981341376646836E-01 -2.948319901983399E-01 -4.199253806221984E-02  9.325077354514485E-03
 1.266474603256266E+00  1.308495884992046E+00  2.377653545352349E-01 -2.981700472073989E-01 -4.547884400120464E-02  1.375305070232861E-03
 1.266474558305180E+00  1.308501364260429E+00  2.773875166433201E-01 -2.970700203090484E-01 -4.256587825976382E-02 -8.867641604470989E-04
 1.266474920783700E+00  1.308501043424958E+00  3.170164505892445E-01 -2.967976562642307E-01 -4.280672796370225E-02  1.076375640148499E-04
 1.266474815043379E+00  1.308501181448543E+00  3.566432970294640E-01 -2.968638052902888E-01 -4.269973659363116E-02 -4.087012213708804E-05
 1.266474826059188E+00  1.308501179288455E+00  3.962703946098645E-01 -2.968562622177342E-01 -4.270230606563641E-02 -2.379231336153017E-07
 1.266474810950129E+00  1.308501180171872E+00  4.358974384425064E-01 -2.968652413420575E-01 -4.269915787041295E-02  3.412299149016275E-07
 1.266474838775892E+00  1.308501179469804E+00  4.755244800500049E-01 -2.968596239559771E-01 -4.270315317193094E-02 -2.406540492827533E-06
 1.266474820953329E+00  1.308501183511358E+00  5.151515059846090E-01 -2.968600681589124E-01 -4.270053369907978E-02  3.412417463907189E-06
 1.266474810038168E+00  1.308501185713812E+00  5.547785655321851E-01 -2.968677896333187E-01 -4.269813432802960E-02 -3.723296907621543E-06
 1.266474862696162E+00  1.308501182703688E+00  5.944055934438048E-01 -2.968564547413396E-01 -4.270593221025520E-02 -8.125598171884553E-08
 1.266474805602079E+00  1.308501184465834E+00  6.340326183541876E-01 -2.968692123764092E-01 -4.269729951078033E-02  4.338297888627473E-06
 1.266474825127607E+00  1.308501180171601E+00  6.736596768284298E-01 -2.968573819531196E-01 -4.270177137967157E-02 -3.731032057025276E-06
 1.266474825555457E+00  1.308501179981447E+00  7.132867035451136E-01 -2.968568956421706E-01 -4.270176963050748E-02  3.815375365192315E-06
 1.266474805513672E+00  1.308501183935934E+00  7.529137603204910E-01 -2.968696771094988E-01 -4.269756733241514E-02 -4.425616905360672E-06
 1.266474863333848E+00  1.308501181977270E+00  7.925407904030750E-01 -2.968556612479484E-01 -4.270643900378940E-02  2.145413106299447E-07
 1.266474805415650E+00  1.308501183801208E+00  8.321678151929922E-01 -2.968695394402313E-01 -4.269747836350837E-02  4.176228331755506E-06
 1.266474825230926E+00  1.308501180122396E+00  8.717948741291630E-01 -2.968572002668265E-01 -4.270184547000208E-02 -3.727925403132132E-06
 1.266474825046646E+00  1.308501178822400E+00  9.114219011594511E-01 -2.968577234812413E-01 -4.270200451094436E-02  4.155068180343838E-06
 1.266474807458534E+00  1.308501183429586E+00  9.510490171444967E-01 -2.968671509095342E-01 -4.269843644723315E-02  3.940946975423412E-05
 1.266474943086922E+00  1.308501035083692E+00  9.906758626569671E-01 -2.967938805580153E-01 -4.281244010892374E-02 -9.481709571621677E-05
 1.266474690209934E+00  1.308501324783657E+00  1.030304762938491E+00 -2.969586642463974E-01 -4.259242515084560E-02  8.500879104514292E-04
 1.266474178978253E+00  1.308495965308641E+00  1.069927788229096E+00 -2.987109658459087E-01 -4.532673838088730E-02 -8.853532052618550E-04
 1.266471699956917E+00  1.308504651314969E+00  1.109558306684867E+00 -2.922686664294242E-01 -4.285680037747180E-02 -9.045824105535206E-03
 1.266349883953113E+00  1.308459654287906E+00  1.149193313882426E+00 -4.003438742991118E-01 -3.783644266051886E-02  2.080234207334067E-02
 1.266480675286941E+00  1.308511864751358E+00  1.188696080081928E+00 -1.884851339402847E-01 -8.720320644141308E-02 -1.369706126195745E-02
 1.265266871057033E+00  1.308298904307843E+00  1.228535657203213E+00 -3.583513180410429E-01 -9.293954920810596E-02  9.932176507400170E-02
 4.034506140183644E-02  1.308218010370004E+00  4.034506140183644E-02  1.344820729815641E-01 -1.250221347990018E-01  1.344820729815621E-01
 4.037971849255377E-02  1.307930628757237E+00  1.267553988029145E+00  1.270616056654727E-01 -2.662036308597992E-01 -9.708000142834808E-02
 1.267553988029145E+00  1.307930628757237E+00  4.037971849255377E-02 -9.708000142834611E-02 -2.662036308597697E-01  1.270616056654777E-01
