 1.191532113715467E-01  1.186632113715468E-01  1.308041146909740E+00  3.656965591223816E-01  2.676965591223562E-01  7.292009641770824E-01
 1.190189538211367E-01  1.976150844121513E-01  1.307750145488548E+00  3.124677758173339E-01 -9.778133968220760E-02  6.556655060655313E-01
 1.190045044717683E-01  2.372845567445818E-01  1.307722027313189E+00  3.029801580650239E-01 -9.091725197171600E-02  6.394586556080893E-01
 1.190069858528492E-01  2.768962755916789E-01  1.307731472944084E+00  3.046424005818970E-01 -9.977393305595850E-02  6.451380080328312E-01
 1.190067287882986E-01  3.165265163939921E-01  1.307730957944264E+00  3.044492694863289E-01 -9.783191036222785E-02  6.447507457370563E-01
 1.190067728630235E-01  3.561533002266254E-01  1.307731111172426E+00  3.044820876588056E-01 -9.804564985127934E-02  6.448818689189835E-01
 1.190067762832608E-01  3.957803979699558E-01  1.307731123410562E+00  3.044819966011598E-01 -9.800034522849314E-02  6.448813363825124E-01
 1.190067731076900E-01  4.354074227202384E-01  1.307731106080887E+00  3.044829015039282E-01 -9.799768990200176E-02  6.448831033130075E-01
 1.190067718640307E-01  4.750345076408144E-01  1.307731127209547E+00  3.044804280898742E-01 -9.800440712630352E-02  6.448757689638268E-01
 1.190067745364569E-01  5.146614747184501E-01  1.307731121095512E+00  3.044820842075971E-01 -9.799408353030914E-02  6.448820910733902E-01
 1.190067707214789E-01  5.542885865877026E-01  1.307731107820993E+00  3.044821989251154E-01 -9.800391118649666E-02  6.448825785856167E-01
 1.190067699744516E-01  5.939155967552707E-01  1.307731147654845E+00  3.044786152487888E-01 -9.800048515986809E-02  6.448697285897238E-01
 1.190067712793686E-01  6.335425880410382E-01  1.307731103763473E+00  3.044829125340524E-01 -9.799526022941733E-02  6.448838018238594E-01
 1.190067752597634E-01  6.731697221556154E-01  1.307731122332812E+00  3.044816281007258E-01 -9.800781250403555E-02  6.448812455558237E-01
 1.190067758232209E-01  7.127966590177122E-01  1.307731123311545E+00  3.044817547265911E-01 -9.799222002143221E-02  6.448813838771738E-01
 1.190067706576744E-01  7.524237886469440E-01  1.307731101667681E+00  3.044828004733854E-01 -9.800443268078091E-02  6.448833409704420E-01
 1.190067706157390E-01  7.920507908725706E-01  1.307731148133199E+00  3.044788872056731E-01 -9.800024397398371E-02  6.448697402035404E-01
 1.190067709945736E-01  8.316777857272702E-01  1.307731102412737E+00  3.044827745951813E-01 -9.799519901916143E-02  6.448832938717386E-01
 1.190067754813430E-01  8.713049199714505E-01  1.307731122598824E+00  3.044817692600374E-01 -9.800758172251241E-02  6.448813826711854E-01
 1.190067750837620E-01  9.109318537176337E-01  1.307731120527505E+00  3.044813917208752E-01 -9.799280221451701E-02  6.448803689054710E-01
 1.190067727699862E-01  9.505590629149051E-01  1.307731105383031E+00  3.044837019534518E-01 -9.795338844797583E-02  6.448842593282411E-01
 1.190067158745115E-01  9.901857287998280E-01  1.307730950221227E+00  3.044399440623872E-01 -9.817894185133853E-02  6.447342295812082E-01
 1.190070365986955E-01  1.029816449961670E+00  1.307731524070787E+00  3.046773557882005E-01 -9.602785586550902E-02  6.451825725724434E-01
 1.190040105475955E-01  1.069427064646632E+00  1.307721398009326E+00  3.026666905154538E-01 -1.052183442266988E-01  6.391646110101818E-01
 1.190206260615518E-01  1.109101336068780E+00  1.307751955418622E+00  3.134260986371611E-01 -9.875029357515031E-02  6.564092812620231E-01
 1.191636074450415E-01  1.188064785291135E+00  1.308061779391662E+00  3.663842800513240E-01 -4.722287542252323E-01  7.310493559222626E-01
 1.981050844121513E-01  1.185289538211367E-01  1.307750145488548E+00  2.186603177640801E-04  2.144677758173444E-01  6.556655060655313E-01
 1.981068744913367E-01  1.188202186184305E+00  1.307777171809553E+00  1.335636443960858E-03 -4.236619375594811E-01  6.614715916446550E-01
 2.377745567445818E-01  1.185145044717683E-01  1.307722027313189E+00  7.082748028271517E-03  2.049801580650582E-01  6.394586556081091E-01
 2.377742664278227E-01  1.188217240121613E+00  1.307749438792491E+00  6.883628251959452E-03 -4.139531063294706E-01  6.455425224739508E-01
 2.773862755916788E-01  1.185169858528492E-01  1.307731472944084E+00 -1.773933055948695E-03  2.066424005819351E-01  6.451380080328467E-01
 2.773863194829748E-01  1.188214617937109E+00  1.307758796830496E+00 -1.741708054185728E-03 -4.156840981837473E-01  6.511593723108581E-01
 3.170165163939921E-01  1.185167287882986E-01  1.307730957944264E+00  1.680896377892709E-04  2.064492694863095E-01  6.447507457370856E-01
 3.170165131231523E-01  1.188214889261682E+00  1.307758286301282E+00  1.655132994065220E-04 -4.154802213428141E-01  6.507754728206772E-01
 3.566433002266255E-01  1.185167728630236E-01  1.307731111172426E+00 -4.564985127247379E-05  2.064820876587977E-01  6.448818689189517E-01
 3.566433001513752E-01  1.188214842315021E+00  1.307758438883020E+00 -4.554447876359758E-05 -4.155152718526838E-01  6.509059311198164E-01
 3.962703979699559E-01  1.185167762832608E-01  1.307731123410562E+00 -3.452284959053655E-07  2.064819966011569E-01  6.448813363825102E-01
 3.962703978001431E-01  1.188214838640151E+00  1.307758450770748E+00 -4.125807364657525E-07 -4.155149758564921E-01  6.509052391231873E-01
 4.358974227202383E-01  1.185167731076901E-01  1.307731106080887E+00  2.310097986429296E-06  2.064829015040081E-01  6.448831033130022E-01
 4.358974233133805E-01  1.188214842121423E+00  1.307758433906065E+00  2.459593610527403E-06 -4.155161621193017E-01  6.509071996353193E-01
 4.755245076408144E-01  1.185167718640307E-01  1.307731127209547E+00 -4.407126303455655E-06  2.064804280898773E-01  6.448757689638459E-01
 4.755245068132888E-01  1.188214843253865E+00  1.307758454581874E+00 -4.659966225654321E-06 -4.155134327482025E-01  6.508997924562029E-01
 5.151514747184502E-01  1.185167745364570E-01  1.307731121095512E+00  5.916469707995481E-06  2.064820842075639E-01  6.448820910733880E-01
 5.151514755560979E-01  1.188214840507255E+00  1.307758448589441E+00  6.203438967772499E-06 -4.155151575291144E-01  6.509060566156009E-01
 5.547785865877026E-01  1.185167707214789E-01  1.307731107820993E+00 -3.911186495154546E-06  2.064821989251136E-01  6.448825785856261E-01
 5.547785861643493E-01  1.188214844621277E+00  1.307758435700142E+00 -4.109160490510150E-06 -4.155154884724493E-01  6.509067157765879E-01
 5.944055967552707E-01  1.185167699744516E-01  1.307731147654845E+00 -4.851598618365552E-07  2.064786152487783E-01  6.448697285896583E-01
 5.944055965818897E-01  1.188214845126294E+00  1.307758474664943E+00 -5.524303250839276E-07 -4.155114383633833E-01  6.508937098496665E-01
 6.340325880410382E-01  1.185167712793686E-01  1.307731103763472E+00  4.739770586875994E-06  2.064829125340311E-01  6.448838018237898E-01
 6.340325888453709E-01  1.188214844066084E+00  1.307758431722565E+00  5.075025949034164E-06 -4.155162675847769E-01  6.509079630324285E-01
 6.736597221556155E-01  1.185167752597635E-01  1.307731122332812E+00 -7.812504082129671E-06  2.064816281007269E-01  6.448812455558279E-01
 6.736597208212937E-01  1.188214839706078E+00  1.307758449741353E+00 -8.210096568699693E-06 -4.155146315650178E-01  6.509051763973087E-01
 7.132866590177120E-01  1.185167758232209E-01  1.307731123311545E+00  7.779978569592377E-06  2.064817547265804E-01  6.448813838771730E-01
 7.132866603097904E-01  1.188214839109347E+00  1.307758450685336E+00  8.167089081487265E-06 -4.155147434480410E-01  6.509052974956215E-01
 7.529137886469440E-01  1.185167706576743E-01  1.307731101667681E+00 -4.432680732616602E-06  2.064828004733649E-01  6.448833409704718E-01
 7.529137879427825E-01  1.188214844739796E+00  1.307758429674449E+00 -4.739325763618487E-06 -4.155161692916173E-01  6.509075238062670E-01
 7.925407908725706E-01  1.185167706157391E-01  1.307731148133199E+00 -2.439739761002961E-07  2.064788872056857E-01  6.448697402034200E-01
 7.925407908412264E-01  1.188214844463408E+00  1.307758475117183E+00 -2.483871978834647E-07 -4.155116959336745E-01  6.508937048067797E-01
 8.321677857272701E-01  1.185167709945737E-01  1.307731102412737E+00  4.800980787684346E-06  2.064827745952595E-01  6.448832938717155E-01
 8.321677864991739E-01  1.188214844367050E+00  1.307758430389717E+00  5.119170811912923E-06 -4.155161312786308E-01  6.509074660256020E-01
 8.717949199714504E-01  1.185167754813429E-01  1.307731122598824E+00 -7.581722553185438E-06  2.064817692599945E-01  6.448813826712017E-01
 8.717949186159671E-01  1.188214839477445E+00  1.307758450000895E+00 -7.992194947367662E-06 -4.155147739132156E-01  6.509053088366711E-01
 9.114218537176337E-01  1.185167750837620E-01  1.307731120527505E+00  7.197785502467173E-06  2.064813917208821E-01  6.448803689055957E-01
 9.114218551271005E-01  1.188214839885241E+00  1.307758447943534E+00  7.649224301614616E-06 -4.155143866325086E-01  6.509043086586789E-01
 9.510490629149051E-01  1.185167727699862E-01  1.307731105383031E+00  4.661155204239351E-05  2.064837019534478E-01  6.448842593282506E-01
 9.510490614010064E-01  1.188214842544226E+00  1.307758433288980E+00  4.582142710284605E-05 -4.155170292550343E-01  6.509083794891536E-01
 9.906757287998281E-01  1.185167158745115E-01  1.307730950221227E+00 -1.789418513537523E-04  2.064399440624223E-01  6.447342295812691E-01
 9.906757351370711E-01  1.188214902711078E+00  1.307758278688798E+00 -1.745199695714670E-04 -4.154704840103665E-01  6.507591879046761E-01
 1.030306449961670E+00  1.185170365986955E-01  1.307731524070787E+00  1.972144134492632E-03  2.066773557881638E-01  6.451825725723144E-01
 1.030306388390120E+00  1.188214566065962E+00  1.307758845948246E+00  1.928542515599758E-03 -4.157195540226704E-01  6.512023679069698E-01
 1.069917064646632E+00  1.185140105475956E-01  1.307721398009326E+00 -7.218344226687779E-03  2.046666905153778E-01  6.391646110102341E-01
 1.069917435909520E+00  1.188217747526539E+00  1.307748827603492E+00 -6.969374836491122E-03 -4.136390773840813E-01  6.452610850934759E-01
 1.109591336068779E+00  1.185306260615519E-01  1.307751955418622E+00 -7.502935751639390E-04  2.154260986371659E-01  6.564092812620366E-01
 1.109589282065286E+00  1.188200510743931E+00  1.307778903437050E+00 -1.983865232258123E-03 -4.245780746362317E-01  6.621604332199917E-01
 1.188554785291136E+00  1.186736074450415E-01  1.308061779391662E+00 -3.742287542252768E-01  2.683842800513206E-01  7.310493559222373E-01
 1.188692186184305E+00  1.976168744913369E-01  1.307777171809553E+00 -3.256619375595392E-01 -9.666436355603797E-02  6.614715916446626E-01
 1.188707240121613E+00  2.372842664278225E-01  1.307749438792491E+00 -3.159531063294869E-01 -9.111637174807362E-02  6.455425224740414E-01
 1.188704617937108E+00  2.768963194829748E-01  1.307758796830496E+00 -3.176840981837702E-01 -9.974170805414247E-02  6.511593723109093E-01
 1.188704889261682E+00  3.165265131231524E-01  1.307758286301282E+00 -3.174802213427699E-01 -9.783448670058188E-02  6.507754728206836E-01
 1.188704842315021E+00  3.561533001513754E-01  1.307758438883021E+00 -3.175152718527579E-01 -9.804554447875558E-02  6.509059311199665E-01
 1.188704838640151E+00  3.957803978001432E-01  1.307758450770748E+00 -3.175149758564444E-01 -9.800041258071837E-02  6.509052391231919E-01
 1.188704842121423E+00  4.354074233133803E-01  1.307758433906065E+00 -3.175161621193792E-01 -9.799754040646284E-02  6.509071996354253E-01
 1.188704843253865E+00  4.750345068132889E-01  1.307758454581874E+00 -3.175134327481779E-01 -9.800465996616316E-02  6.508997924562671E-01
 1.188704840507256E+00  5.146614755560981E-01  1.307758448589441E+00 -3.175151575290597E-01 -9.799379656096519E-02  6.509060566155573E-01
 1.188704844621278E+00  5.542885861643494E-01  1.307758435700142E+00 -3.175154884724622E-01 -9.800410916053177E-02  6.509067157766075E-01
 1.188704845126294E+00  5.939155965818899E-01  1.307758474664943E+00 -3.175114383634431E-01 -9.800055243032967E-02  6.508937098497204E-01
 1.188704844066084E+00  6.335425888453708E-01  1.307758431722565E+00 -3.175162675847080E-01 -9.799492497406324E-02  6.509079630325076E-01
 1.188704839706079E+00  6.731697208212937E-01  1.307758449741353E+00 -3.175146315649758E-01 -9.800821009651768E-02  6.509051763974352E-01
 1.188704839109347E+00  7.127966603097906E-01  1.307758450685336E+00 -3.175147434480250E-01 -9.799183291092474E-02  6.509052974955630E-01
 1.188704844739797E+00  7.524237879427824E-01  1.307758429674449E+00 -3.175161692916603E-01 -9.800473932579602E-02  6.509075238062900E-01
 1.188704844463407E+00  7.920507908412263E-01  1.307758475117183E+00 -3.175116959337122E-01 -9.800024838720606E-02  6.508937048068083E-01
 1.188704844367050E+00  8.316777864991738E-01  1.307758430389717E+00 -3.175161312785979E-01 -9.799488082920388E-02  6.509074660256210E-01
 1.188704839477446E+00  8.713049186159670E-01  1.307758450000895E+00 -3.175147739132001E-01 -9.800799219494852E-02  6.509053088367270E-01
 1.188704839885241E+00  9.109318551271006E-01  1.307758447943535E+00 -3.175143866325328E-01 -9.799235077567477E-02  6.509043086588095E-01
 1.188704842544226E+00  9.505590614010062E-01  1.307758433288980E+00 -3.175170292549770E-01 -9.795417857288972E-02  6.509083794890888E-01
 1.188704902711077E+00  9.901857351370709E-01  1.307758278688798E+00 -3.174704840104559E-01 -9.817451996959048E-02  6.507591879047478E-01
 1.188704566065962E+00  1.029816388390119E+00  1.307758845948246E+00 -3.177195540227365E-01 -9.607145748439978E-02  6.512023679070201E-01
 1.188707747526539E+00  1.069427435909519E+00  1.307748827603492E+00 -3.156390773840242E-01 -1.049693748365757E-01  6.452610850935118E-01
 1.188690510743931E+00  1.109099282065286E+00  1.307778903437050E+00 -3.265780746362213E-01 -9.998386523225963E-02  6.621604332203401E-01
 1.188543963582711E+00  1.188053963582711E+00  1.308081872841461E+00 -3.744361131430869E-01 -4.724361131430361E-01  7.326340788467445E-01
 4.274839768135341E-02  7.862972308476369E-02  1.308953233401845E+00  5.046395208905948E-01 -2.335930759401049E-01  1.905101105763825E-01
 4.145150999829630E-02  1.185122312234037E-01  1.309224057681541E+00  3.144437177212140E-01 -8.188911964514226E-02  2.287102689033209E-01
 4.156132457181738E-02  1.580194434978902E-01  1.309119755320915E+00  5.242249857116710E-01 -1.178244442218751E-01  2.475908952181027E-01
 4.144505314200931E-02  1.976431236621766E-01  1.309176447014689E+00  4.197197182077840E-01 -8.890276633471057E-02  2.502016607807763E-01
 4.143775404929451E-02  2.372755538771650E-01  1.309165556881340E+00  4.222936484362783E-01 -9.651748296841832E-02  2.460172817105979E-01
 4.143806999325782E-02  2.768974703598641E-01  1.309171386919543E+00  4.214071819230870E-01 -9.891978360960559E-02  2.491745540102713E-01
 4.143770643405370E-02  3.165264518791553E-01  1.309171065525516E+00  4.211339680037537E-01 -9.789106557237766E-02  2.489332577825533E-01
 4.143780812539517E-02  3.561532970995597E-01  1.309171200272981E+00  4.211973374282772E-01 -9.804103486072700E-02  2.490382550803161E-01
 4.143779732847479E-02  3.957803946918294E-01  1.309171198736556E+00  4.211896526981275E-01 -9.800024957888115E-02  2.490358327635132E-01
 4.143781214751943E-02  4.354074380841786E-01  1.309171198414787E+00  4.211987350435308E-01 -9.799955721160027E-02  2.490385100581434E-01
 4.143778500753974E-02  4.750344810052436E-01  1.309171200218716E+00  4.211932814191184E-01 -9.800232167850093E-02  2.490357049017400E-01
 4.143780256599816E-02  5.146615046012133E-01  1.309171203182789E+00  4.211937185799242E-01 -9.799683027835969E-02  2.490379160834754E-01
 4.143781341370890E-02  5.542885666975860E-01  1.309171204855536E+00  4.212016870772473E-01 -9.800335539701503E-02  2.490402499350488E-01
 4.143776216158575E-02  5.939155934975332E-01  1.309171206329709E+00  4.211906146088243E-01 -9.800011102695992E-02  2.490345012558423E-01
 4.143781757196890E-02  6.335426170027877E-01  1.309171202910808E+00  4.212029416851761E-01 -9.799601210657266E-02  2.490406647579385E-01
 4.143779817486548E-02  6.731696785165956E-01  1.309171199635391E+00  4.211908005257482E-01 -9.800357715127102E-02  2.490364113590743E-01
 4.143779772675275E-02  7.127967018585945E-01  1.309171199397533E+00  4.211902554521011E-01 -9.799634603274823E-02  2.490363613403268E-01
 4.143781774100487E-02  7.524237616933522E-01  1.309171202373481E+00  4.212034716977123E-01 -9.800404028689663E-02  2.490404122937206E-01
 4.143776161085561E-02  7.920507903681667E-01  1.309171205615391E+00  4.211898273404879E-01 -9.799981153178926E-02  2.490339823171731E-01
 4.143781771043561E-02  8.316778138599717E-01  1.309171202154110E+00  4.212032369923839E-01 -9.799617312369402E-02  2.490404267804092E-01
 4.143779810511806E-02  8.713048758295437E-01  1.309171199601020E+00  4.211906342657023E-01 -9.800357026819970E-02  2.490363454664682E-01
 4.143779811645644E-02  9.109318994122592E-01  1.309171198053795E+00  4.211910176949981E-01 -9.799601498825833E-02  2.490360118538038E-01
 4.143781609258826E-02  9.505590189462236E-01  1.309171202057601E+00  4.212010062382709E-01 -9.796006104238777E-02  2.490396150254487E-01
 4.143768371629427E-02  9.901858591124466E-01  1.309171058045514E+00  4.211296843189194E-01 -9.809702417011752E-02  2.489277941015855E-01
 4.143794908496255E-02  1.029814817604929E+00  1.309171348741482E+00  4.213040895013742E-01 -9.711370777854925E-02  2.491491329676518E-01
 4.143811406181567E-02  1.069437590967083E+00  1.309165606844203E+00  4.228091862706201E-01 -9.897783563591023E-02  2.461541277622108E-01
 4.144249205625453E-02  1.109069334858520E+00  1.309175497708364E+00  4.171976563331837E-01 -1.068934694841343E-01  2.493300481859984E-01
 4.155674987095719E-02  1.148699309717486E+00  1.309118175105362E+00  5.209784099460694E-01 -7.757374398035938E-02  2.467658560543255E-01
 4.145244043527990E-02  1.188227127155911E+00  1.309207753345497E+00  3.161393940060186E-01 -1.026613630913979E-01  2.186084393792714E-01
 4.271866500237986E-02  1.228027080686183E+00  1.308893807509688E+00  4.776042065449925E-01  1.262345880397445E-02  1.479662255392744E-01
 7.912038578944544E-02  4.229825735393077E-02  1.309035228337376E+00 -1.350960474287888E-01  4.365342753236565E-01  2.520063122251902E-01
 7.910695605512265E-02  1.264732445011838E+00  1.308835555967944E+00 -1.193719280984287E-01 -4.876367434138882E-01  3.709499223343329E-02
 1.190007330365004E-01  4.099416899512753E-02  1.309319742603204E+00  1.498724017736777E-02  2.409379653446447E-01  3.004739601504556E-01
 1.190229886517545E-01  1.265992285224369E+00  1.309013301248355E+00  2.437079641574091E-02 -2.832059997106873E-01  1.693816903382345E-02
 1.585095124603995E-01  4.110794711808993E-02  1.309217761699978E+00 -1.977272233983426E-02  4.536918954159876E-01  3.210956795155783E-01
 1.585052474804543E-01  1.265854309279910E+00  1.308951427708301E+00 -2.042165079146759E-02 -5.027155051128729E-01  6.132118662964292E-02
 1.981331247681464E-01  4.099030908830640E-02  1.309273853369942E+00  9.098063142627458E-03  3.481616779306043E-01  3.232564272206940E-01
 1.981341376646836E-01  1.265978858981721E+00  1.308995644378756E+00  9.325077354510936E-03 -3.928319901983129E-01  5.600746193777528E-02
 2.377655558935231E-01  4.098317486925689E-02  1.309263120915552E+00  1.484029300182526E-03  3.508592634081097E-01  3.191903073698115E-01
 2.377653545352351E-01  1.265984603256266E+00  1.308985884992045E+00  1.375305070266664E-03 -3.961700472074732E-01  5.252115599876070E-02
 2.773874702905093E-01  4.098344591099683E-02  1.309268904548118E+00 -9.198356257157855E-04  3.499391202273077E-01  3.223127754413656E-01
 2.773875166433202E-01  1.265984558305181E+00  1.308991364260429E+00 -8.867641603656597E-04 -3.950700203090752E-01  5.543412174015602E-02
 3.170164518599088E-01  4.098308334394624E-02  1.309268586006968E+00  1.089199928258255E-04  3.496666504231176E-01  3.220736188716771E-01
 3.170164505892446E-01  1.265984920783700E+00  1.308991043424958E+00  1.076375640122707E-04 -3.947976562641708E-01  5.519327203619265E-02
 3.566432971009310E-01  4.098318502260428E-02  1.309268719821808E+00 -4.103383226117884E-05  3.497300103350370E-01  3.221779167002850E-01
 3.566432970294639E-01  1.265984815043379E+00  1.308991181448543E+00 -4.087012224386640E-05 -3.948638052902658E-01  5.530026340632016E-02
 3.962703946919602E-01  4.098317396761224E-02  1.309268718206867E+00 -2.494807684244785E-07  3.497221320512117E-01  3.221754354973546E-01
 3.962703946098645E-01  1.265984826059188E+00  1.308991179288455E+00 -2.379232021582966E-07 -3.948562622177339E-01  5.529769393440789E-02
 4.358974380778560E-01  4.098318914217546E-02  1.309268717986498E+00  4.380464856496252E-07  3.497314810355613E-01  3.221781888416193E-01
 4.358974384425065E-01  1.265984810950129E+00  1.308991180171872E+00  3.412299548871352E-07 -3.948652413421138E-01  5.530084212961217E-02
 4.755244810312608E-01  4.098316150002033E-02  1.309268719795818E+00 -2.302165562521969E-06  3.497256507795361E-01  3.221753877282361E-01
 4.755244800500048E-01  1.265984838775892E+00  1.308991179469804E+00 -2.406540486695935E-06 -3.948596239560039E-01  5.529684682804473E-02
 5.151515045647563E-01  4.098317931480090E-02  1.309268722682103E+00  3.142378835294379E-06  3.497262801819881E-01  3.221775405688163E-01
 5.151515059846091E-01  1.265984820953329E+00  1.308991183511358E+00  3.412417446101682E-06 -3.948600681589644E-01  5.529946630095220E-02
 5.547785667317683E-01  4.098319044741557E-02  1.309268724452940E+00 -3.329760162002354E-06  3.497344623572800E-01  3.221799479883262E-01
 5.547785655321851E-01  1.265984810038169E+00  1.308991185713812E+00 -3.723296886107133E-06 -3.948677896333569E-01  5.530186567195911E-02
 5.944055934985897E-01  4.098313825303140E-02  1.309268725938140E+00 -1.102345687734181E-07  3.497226831930801E-01  3.221742075796484E-01
 5.944055934438046E-01  1.265984862696162E+00  1.308991182703688E+00 -8.125588948290877E-08 -3.948564547413228E-01  5.529406778970358E-02
 6.340326169632056E-01  4.098319467304769E-02  1.309268722508621E+00  3.958206784312032E-06  3.497357674943823E-01  3.221803631170137E-01
 6.340326183541876E-01  1.265984805602079E+00  1.308991184465834E+00  4.338297859250938E-06 -3.948692123764008E-01  5.530270048910624E-02
 6.736596785592841E-01  4.098317483362472E-02  1.309268719114752E+00 -3.545135010749385E-06  3.497232945951970E-01  3.221760208803924E-01
 6.736596768284299E-01  1.265984825127607E+00  1.308991180171601E+00 -3.731032097670327E-06 -3.948573819530508E-01  5.529822862031408E-02
 7.132867018159903E-01  4.098317436958443E-02  1.309268718864905E+00  3.622014071683151E-06  3.497227375758725E-01  3.221759618690082E-01
 7.132867035451137E-01  1.265984825555457E+00  1.308991179981448E+00  3.815375335123472E-06 -3.948568956422330E-01  5.529823036946213E-02
 7.529137617314038E-01  4.098319487403509E-02  1.309268721995408E+00 -4.011748241959495E-06  3.497363214704173E-01  3.221801287387706E-01
 7.529137603204911E-01  1.265984805513672E+00  1.308991183935934E+00 -4.425616969604513E-06 -3.948696771095348E-01  5.530243266760129E-02
 7.925407903692251E-01  4.098313769226359E-02  1.309268725221188E+00  1.892618447915809E-07  3.497218883964304E-01  3.221736866651050E-01
 7.925407904030749E-01  1.265984863333848E+00  1.308991181977269E+00  2.145413135641286E-07 -3.948556612480015E-01  5.529356099627317E-02
 8.321678138207509E-01  4.098319482327285E-02  1.309268721759292E+00  3.797460687624356E-06  3.497360716203186E-01  3.221801306662300E-01
 8.321678151929923E-01  1.265984805415650E+00  1.308991183801208E+00  4.176228404979344E-06 -3.948695394402286E-01  5.530252163652533E-02
 8.717948758723003E-01  4.098317476219931E-02  1.309268719079277E+00 -3.538200809368065E-06  3.497231270766531E-01  3.221759541592856E-01
 8.717948741291631E-01  1.265984825230926E+00  1.308991180122396E+00 -3.727925304148945E-06 -3.948572002668204E-01  5.529815452995365E-02
 9.114218993688302E-01  4.098317478424878E-02  1.309268717536063E+00  3.952440014833704E-06  3.497235185391441E-01  3.221756235548424E-01
 9.114219011594510E-01  1.265984825046647E+00  1.308991178822400E+00  4.155068159318324E-06 -3.948577234812451E-01  5.529799548896283E-02
 9.510490189852733E-01  4.098319317870534E-02  1.309268721659779E+00  3.996824488994383E-05  3.497338208260657E-01  3.221793166589283E-01
 9.510490171444967E-01  1.265984807458534E+00  1.308991183429586E+00  3.940946966578760E-05 -3.948671509095740E-01  5.530156355272856E-02
 9.906758591044450E-01  4.098306039745148E-02  1.309268578662943E+00 -9.703017131354309E-05  3.496621951867727E-01  3.220682571730474E-01
 9.906758626569669E-01  1.265984943086922E+00  1.308991035083692E+00 -9.481709567323750E-05 -3.947938805579999E-01  5.518755989106172E-02
 1.030304817760468E+00  4.098332505982324E-02  1.309268866452015E+00  8.864088757107505E-04  3.498360706468987E-01  3.222874158670139E-01
 1.030304762938491E+00  1.265984690209934E+00  1.308991324783657E+00  8.500879104330264E-04 -3.949586642464274E-01  5.540757484911543E-02
 1.069927588902951E+00  4.098353974002631E-02  1.309263173085241E+00 -9.793837344976930E-04  3.513784449286772E-01  3.193288085406850E-01
 1.069927788229096E+00  1.265984178978254E+00  1.308985965308641E+00 -8.853532053535743E-04 -3.967109658458726E-01  5.267326161913810E-02
 1.109559336481163E+00  4.098774350017705E-02  1.309272907163941E+00 -8.892252501867294E-03  3.456362392751455E-01  3.223871398689044E-01
 1.109558306684867E+00  1.265981699956918E+00  1.308994651314968E+00 -9.045824105526262E-03 -3.902686664294710E-01  5.514319962260789E-02
 1.149189242990832E+00  4.110349854064405E-02  1.309216234883324E+00  2.037621102944624E-02  4.505399122109851E-01  3.203106895261445E-01
 1.149193313882427E+00  1.265859883953113E+00  1.308949654287906E+00  2.080234207339912E-02 -4.983438742991636E-01  6.016355733951889E-02
 1.188717002588409E+00  4.099513077222994E-02  1.309308065797460E+00 -4.754788718009384E-03  2.426571467185370E-01  2.938427783511025E-01
 1.188696080081927E+00  1.265990675286941E+00  1.309001864751358E+00 -1.369706126191038E-02 -2.864851339402977E-01  1.079679355859017E-02
 1.228525082437655E+00  4.226982193197454E-02  1.308990932176738E+00  1.166247724081528E-01  4.104719037411015E-01  2.208097258267860E-01
 1.228535657203213E+00  1.264776871057033E+00  1.308788904307842E+00  9.932176507397578E-02 -4.563513180412317E-01  5.060450791813331E-03
 1.265221167620889E+00  7.860790249837729E-02  1.308849383352079E+00 -3.905947866252257E-01 -2.241620956574082E-01  4.746553033469569E-02
 1.266482089367887E+00  1.185344510266742E-01  1.309018070998662E+00 -1.853528920718970E-01 -7.253242239455339E-02  2.051548176420045E-02
 1.266344309279909E+00  1.580152474804542E-01  1.308951427708301E+00 -4.047155051128660E-01 -1.184216507914918E-01  6.132118662961719E-02
 1.266468858981721E+00  1.976441376646835E-01  1.308995644378756E+00 -2.948319901982307E-01 -8.867492264554791E-02  5.600746193779751E-02
 1.266474603256267E+00  2.372753545352350E-01  1.308985884992046E+00 -2.981700472074513E-01 -9.662469492969360E-02  5.252115599879276E-02
 1.266474558305180E+00  2.768975166433202E-01  1.308991364260429E+00 -2.970700203088449E-01 -9.888676416042107E-02  5.543412174014498E-02
 1.266474920783700E+00  3.165264505892446E-01  1.308991043424958E+00 -2.967976562643714E-01 -9.789236243600258E-02  5.519327203630237E-02
 1.266474815043379E+00  3.561532970294640E-01  1.308991181448543E+00 -2.968638052902839E-01 -9.804087012221938E-02  5.530026340632063E-02
 1.266474826059188E+00  3.957803946098645E-01  1.308991179288455E+00 -2.968562622177465E-01 -9.800023792320567E-02  5.529769393444811E-02
 1.266474810950130E+00  4.354074384425066E-01  1.308991180171872E+00 -2.968652413420650E-01 -9.799965877000083E-02  5.530084212961542E-02
 1.266474838775892E+00  4.750344800500048E-01  1.308991179469804E+00 -2.968596239560801E-01 -9.800240654049809E-02  5.529684682802241E-02
 1.266474820953329E+00  5.146615059846090E-01  1.308991183511357E+00 -2.968600681589502E-01 -9.799658758254340E-02  5.529946630095484E-02
 1.266474810038169E+00  5.542885655321850E-01  1.308991185713812E+00 -2.968677896333738E-01 -9.800372329687312E-02  5.530186567189826E-02
 1.266474862696162E+00  5.939155934438047E-01  1.308991182703688E+00 -2.968564547413036E-01 -9.800008125598501E-02  5.529406778971543E-02
 1.266474805602079E+00  6.335426183541876E-01  1.308991184465834E+00 -2.968692123763357E-01 -9.799566170215764E-02  5.530270048918723E-02
 1.266474825127607E+00  6.731696768284299E-01  1.308991180171601E+00 -2.968573819531616E-01 -9.800373103207151E-02  5.529822862033976E-02
 1.266474825555457E+00  7.127967035451137E-01  1.308991179981448E+00 -2.968568956422730E-01 -9.799618462460757E-02  5.529823036947881E-02
 1.266474805513672E+00  7.524237603204910E-01  1.308991183935934E+00 -2.968696771095056E-01 -9.800442561695698E-02  5.530243266755588E-02
 1.266474863333848E+00  7.920507904030749E-01  1.308991181977269E+00 -2.968556612479335E-01 -9.799978545870036E-02  5.529356099631966E-02
 1.266474805415650E+00  8.316778151929923E-01  1.308991183801208E+00 -2.968695394402256E-01 -9.799582377159156E-02  5.530252163645810E-02
 1.266474825230926E+00  8.713048741291630E-01  1.308991180122396E+00 -2.968572002668828E-01 -9.800372792532996E-02  5.529815452996639E-02
 1.266474825046646E+00  9.109319011594509E-01  1.308991178822400E+00 -2.968577234812205E-01 -9.799584493182600E-02  5.529799548897135E-02
 1.266474807458534E+00  9.505590171444969E-01  1.308991183429586E+00 -2.968671509095511E-01 -9.796059053029545E-02  5.530156355274307E-02
 1.266474943086922E+00  9.901858626569670E-01  1.308991035083692E+00 -2.967938805579671E-01 -9.809481709570857E-02  5.518755989103422E-02
 1.266474690209934E+00  1.029814762938491E+00  1.308991324783657E+00 -2.969586642464158E-01 -9.714991208954889E-02  5.540757484920317E-02
 1.266474178978253E+00  1.069437788229096E+00  1.308985965308641E+00 -2.987109658458627E-01 -9.888535320526295E-02  5.267326161906194E-02
 1.266471699956918E+00  1.109068306684867E+00  1.308994651314969E+00 -2.922686664294765E-01 -1.070458241056030E-01  5.514319962255873E-02
 1.266349883953113E+00  1.148703313882427E+00  1.308949654287906E+00 -4.003438742992141E-01 -7.719765792663993E-02  6.016355733966050E-02
 1.266480675286941E+00  1.188206080081927E+00  1.309001864751358E+00 -1.884851339402203E-01 -1.116970612619319E-01  1.079679355851726E-02
 1.265266871057033E+00  1.228045657203213E+00  1.308788904307843E+00 -3.583513180411312E-01  1.321765074008212E-03  5.060450791945947E-03
 4.034180953195295E-02  3.984801165903721E-02  1.308822425239557E+00  1.334012520141563E-01  2.244136772335511E-02  1.043352959567009E-02
 4.037217808441899E-02  1.267063482128222E+00  1.308420569157260E+00  1.235691380217022E-01 -1.953691830191609E-01 -1.681261687881776E-01
 1.267551638694171E+00  3.988387652311189E-02  1.308539766730108E+00 -9.827974646701898E-02  1.646290509444231E-02 -1.270153655089214E-01
 1.267528588860925E+00  1.267038588860925E+00  1.308093359372853E+00 -8.649024741972058E-02 -1.844902474196661E-01 -3.298881440446438E-01
