39304
33
0.05
0.01
0.002
0.01
2
2
2
2.61538461538
0.0 1.30769230769 1.30769230769 0.0 0.0 0.0
0.039627039627 1.30769230769 1.30769230769 0.0 0.0 0.0
0.0792540792541 1.30769230769 1.30769230769 0.0 0.0 0.0
0.118881118881 1.30769230769 1.30769230769 0.0 0.0 0.0
0.158508158508 1.30769230769 1.30769230769 0.0 0.0 0.0
0.198135198135 1.30769230769 1.30769230769 0.0 0.0 0.0
0.237762237762 1.30769230769 1.30769230769 0.0 0.0 0.0
0.277389277389 1.30769230769 1.30769230769 0.0 0.0 0.0
0.317016317016 1.30769230769 1.30769230769 0.0 0.0 0.0
0.356643356643 1.30769230769 1.30769230769 0.0 0.0 0.0
0.39627039627 1.30769230769 1.30769230769 0.0 0.0 0.0
0.435897435897 1.30769230769 1.30769230769 0.0 0.0 0.0
0.475524475524 1.30769230769 1.30769230769 0.0 0.0 0.0
0.515151515152 1.30769230769 1.30769230769 0.0 0.0 0.0
0.554778554779 1.30769230769 1.30769230769 0.0 0.0 0.0
0.594405594406 1.30769230769 1.30769230769 0.0 0.0 0.0
0.634032634033 1.30769230769 1.30769230769 0.0 0.0 0.0
0.67365967366 1.30769230769 1.30769230769 0.0 0.0 0.0
0.713286713287 1.30769230769 1.30769230769 0.0 0.0 0.0
0.752913752914 1.30769230769 1.30769230769 0.0 0.0 0.0
0.792540792541 1.30769230769 1.30769230769 0.0 0.0 0.0
0.832167832168 1.30769230769 1.30769230769 0.0 0.0 0.0
0.871794871795 1.30769230769 1.30769230769 0.0 0.0 0.0
0.911421911422 1.30769230769 1.30769230769 0.0 0.0 0.0
0.951048951049 1.30769230769 1.30769230769 0.0 0.0 0.0
0.990675990676 1.30769230769 1.30769230769 0.0 0.0 0.0
1.0303030303 1.30769230769 1.30769230769 0.0 0.0 0.0
1.06993006993 1.30769230769 1.30769230769 0.0 0.0 0.0
1.10955710956 1.30769230769 1.30769230769 0.0 0.0 0.0
1.14918414918 1.30769230769 1.30769230769 0.0 0.0 0.0
1.18881118881 1.30769230769 1.30769230769 0.0 0.0 0.0
1.22843822844 1.30769230769 1.30769230769 0.0 0.0 0.0
1.26806526807 1.30769230769 1.30769230769 0.0 0.0 0.0
