39304
33
0.05
0.01
0.002
0.01
2
2
2
2.61538461538
1.30769230769 1.30769230769 0.0 0.0 0.0 0.0
1.30769230769 1.30769230769 0.039627039627 0.0 0.0 0.0
1.30769230769 1.30769230769 0.0792540792541 0.0 0.0 0.0
1.30769230769 1.30769230769 0.118881118881 0.0 0.0 0.0
1.30769230769 1.30769230769 0.158508158508 0.0 0.0 0.0
1.30769230769 1.30769230769 0.198135198135 0.0 0.0 0.0
1.30769230769 1.30769230769 0.237762237762 0.0 0.0 0.0
1.30769230769 1.30769230769 0.277389277389 0.0 0.0 0.0
1.30769230769 1.30769230769 0.317016317016 0.0 0.0 0.0
1.30769230769 1.30769230769 0.356643356643 0.0 0.0 0.0
1.30769230769 1.30769230769 0.39627039627 0.0 0.0 0.0
1.30769230769 1.30769230769 0.435897435897 0.0 0.0 0.0
1.30769230769 1.30769230769 0.475524475524 0.0 0.0 0.0
1.30769230769 1.30769230769 0.515151515152 0.0 0.0 0.0
1.30769230769 1.30769230769 0.554778554779 0.0 0.0 0.0
1.30769230769 1.30769230769 0.594405594406 0.0 0.0 0.0
1.30769230769 1.30769230769 0.634032634033 0.0 0.0 0.0
1.30769230769 1.30769230769 0.67365967366 0.0 0.0 0.0
1.30769230769 1.30769230769 0.713286713287 0.0 0.0 0.0
1.30769230769 1.30769230769 0.752913752914 0.0 0.0 0.0
1.30769230769 1.30769230769 0.792540792541 0.0 0.0 0.0
1.30769230769 1.30769230769 0.832167832168 0.0 0.0 0.0
1.30769230769 1.30769230769 0.871794871795 0.0 0.0 0.0
1.30769230769 1.30769230769 0.911421911422 0.0 0.0 0.0
1.30769230769 1.30769230769 0.951048951049 0.0 0.0 0.0
1.30769230769 1.30769230769 0.990675990676 0.0 0.0 0.0
1.30769230769 1.30769230769 1.0303030303 0.0 0.0 0.0
1.30769230769 1.30769230769 1.06993006993 0.0 0.0 0.0
1.30769230769 1.30769230769 1.10955710956 0.0 0.0 0.0
1.30769230769 1.30769230769 1.14918414918 0.0 0.0 0.0
1.30769230769 1.30769230769 1.18881118881 0.0 0.0 0.0
1.30769230769 1.30769230769 1.22843822844 0.0 0.0 0.0
1.30769230769 1.30769230769 1.26806526807 0.0 0.0 0.0
