39304
1089
0.05
0.01
0.002
0.01
2
2
2
2.61538461538
0.0 0.0 1.30769230769 0.0 0.0 0.0
0.0 0.039627039627 1.30769230769 0.0 0.0 0.0
0.0 0.0792540792541 1.30769230769 0.0 0.0 0.0
0.0 0.118881118881 1.30769230769 0.0 0.0 0.0
0.0 0.158508158508 1.30769230769 0.0 0.0 0.0
0.0 0.198135198135 1.30769230769 0.0 0.0 0.0
0.0 0.237762237762 1.30769230769 0.0 0.0 0.0
0.0 0.277389277389 1.30769230769 0.0 0.0 0.0
0.0 0.317016317016 1.30769230769 0.0 0.0 0.0
0.0 0.356643356643 1.30769230769 0.0 0.0 0.0
0.0 0.39627039627 1.30769230769 0.0 0.0 0.0
0.0 0.435897435897 1.30769230769 0.0 0.0 0.0
0.0 0.475524475524 1.30769230769 0.0 0.0 0.0
0.0 0.515151515152 1.30769230769 0.0 0.0 0.0
0.0 0.554778554779 1.30769230769 0.0 0.0 0.0
0.0 0.594405594406 1.30769230769 0.0 0.0 0.0
0.0 0.634032634033 1.30769230769 0.0 0.0 0.0
0.0 0.67365967366 1.30769230769 0.0 0.0 0.0
0.0 0.713286713287 1.30769230769 0.0 0.0 0.0
0.0 0.752913752914 1.30769230769 0.0 0.0 0.0
0.0 0.792540792541 1.30769230769 0.0 0.0 0.0
0.0 0.832167832168 1.30769230769 0.0 0.0 0.0
0.0 0.871794871795 1.30769230769 0.0 0.0 0.0
0.0 0.911421911422 1.30769230769 0.0 0.0 0.0
0.0 0.951048951049 1.30769230769 0.0 0.0 0.0
0.0 0.990675990676 1.30769230769 0.0 0.0 0.0
0.0 1.0303030303 1.30769230769 0.0 0.0 0.0
0.0 1.06993006993 1.30769230769 0.0 0.0 0.0
0.0 1.10955710956 1.30769230769 0.0 0.0 0.0
0.0 1.14918414918 1.30769230769 0.0 0.0 0.0
0.0 1.18881118881 1.30769230769 0.0 0.0 0.0
0.0 1.22843822844 1.30769230769 0.0 0.0 0.0
0.0 1.26806526807 1.30769230769 0.0 0.0 0.0
0.039627039627 0.0 1.30769230769 0.0 0.0 0.0
0.039627039627 0.039627039627 1.30769230769 0.0 0.0 0.0
0.039627039627 0.0792540792541 1.30769230769 0.0 0.0 0.0
0.039627039627 0.118881118881 1.30769230769 0.0 0.0 0.0
0.039627039627 0.158508158508 1.30769230769 0.0 0.0 0.0
0.039627039627 0.198135198135 1.30769230769 0.0 0.0 0.0
0.039627039627 0.237762237762 1.30769230769 0.0 0.0 0.0
0.039627039627 0.277389277389 1.30769230769 0.0 0.0 0.0
0.039627039627 0.317016317016 1.30769230769 0.0 0.0 0.0
0.039627039627 0.356643356643 1.30769230769 0.0 0.0 0.0
0.039627039627 0.39627039627 1.30769230769 0.0 0.0 0.0
0.039627039627 0.435897435897 1.30769230769 0.0 0.0 0.0
0.039627039627 0.475524475524 1.30769230769 0.0 0.0 0.0
0.039627039627 0.515151515152 1.30769230769 0.0 0.0 0.0
0.039627039627 0.554778554779 1.30769230769 0.0 0.0 0.0
0.039627039627 0.594405594406 1.30769230769 0.0 0.0 0.0
0.039627039627 0.634032634033 1.30769230769 0.0 0.0 0.0
0.039627039627 0.67365967366 1.30769230769 0.0 0.0 0.0
0.039627039627 0.713286713287 1.30769230769 0.0 0.0 0.0
0.039627039627 0.752913752914 1.30769230769 0.0 0.0 0.0
0.039627039627 0.792540792541 1.30769230769 0.0 0.0 0.0
0.039627039627 0.832167832168 1.30769230769 0.0 0.0 0.0
0.039627039627 0.871794871795 1.30769230769 0.0 0.0 0.0
0.039627039627 0.911421911422 1.30769230769 0.0 0.0 0.0
0.039627039627 0.951048951049 1.30769230769 0.0 0.0 0.0
0.039627039627 0.990675990676 1.30769230769 0.0 0.0 0.0
0.039627039627 1.0303030303 1.30769230769 0.0 0.0 0.0
0.039627039627 1.06993006993 1.30769230769 0.0 0.0 0.0
0.039627039627 1.10955710956 1.30769230769 0.0 0.0 0.0
0.039627039627 1.14918414918 1.30769230769 0.0 0.0 0.0
0.039627039627 1.18881118881 1.30769230769 0.0 0.0 0.0
0.039627039627 1.22843822844 1.30769230769 0.0 0.0 0.0
0.039627039627 1.26806526807 1.30769230769 0.0 0.0 0.0
0.0792540792541 0.0 1.30769230769 0.0 0.0 0.0
0.0792540792541 0.039627039627 1.30769230769 0.0 0.0 0.0
0.0792540792541 0.0792540792541 1.30769230769 0.0 0.0 0.0
0.0792540792541 0.118881118881 1.30769230769 0.0 0.0 0.0
0.0792540792541 0.158508158508 1.30769230769 0.0 0.0 0.0
0.0792540792541 0.198135198135 1.30769230769 0.0 0.0 0.0
0.0792540792541 0.237762237762 1.30769230769 0.0 0.0 0.0
0.0792540792541 0.277389277389 1.30769230769 0.0 0.0 0.0
0.0792540792541 0.317016317016 1.30769230769 0.0 0.0 0.0
0.0792540792541 0.356643356643 1.30769230769 0.0 0.0 0.0
0.0792540792541 0.39627039627 1.30769230769 0.0 0.0 0.0
0.0792540792541 0.435897435897 1.30769230769 0.0 0.0 0.0
0.0792540792541 0.475524475524 1.30769230769 0.0 0.0 0.0
0.0792540792541 0.515151515152 1.30769230769 0.0 0.0 0.0
0.0792540792541 0.554778554779 1.30769230769 0.0 0.0 0.0
0.0792540792541 0.594405594406 1.30769230769 0.0 0.0 0.0
0.0792540792541 0.634032634033 1.30769230769 0.0 0.0 0.0
0.0792540792541 0.67365967366 1.30769230769 0.0 0.0 0.0
0.0792540792541 0.713286713287 1.30769230769 0.0 0.0 0.0
0.0792540792541 0.752913752914 1.30769230769 0.0 0.0 0.0
0.0792540792541 0.792540792541 1.30769230769 0.0 0.0 0.0
0.0792540792541 0.832167832168 1.30769230769 0.0 0.0 0.0
0.0792540792541 0.871794871795 1.30769230769 0.0 0.0 0.0
0.0792540792541 0.911421911422 1.30769230769 0.0 0.0 0.0
0.0792540792541 0.951048951049 1.30769230769 0.0 0.0 0.0
0.0792540792541 0.990675990676 1.30769230769 0.0 0.0 0.0
0.0792540792541 1.0303030303 1.30769230769 0.0 0.0 0.0
0.0792540792541 1.06993006993 1.30769230769 0.0 0.0 0.0
0.0792540792541 1.10955710956 1.30769230769 0.0 0.0 0.0
0.0792540792541 1.14918414918 1.30769230769 0.0 0.0 0.0
0.0792540792541 1.18881118881 1.30769230769 0.0 0.0 0.0
0.0792540792541 1.22843822844 1.30769230769 0.0 0.0 0.0
0.0792540792541 1.26806526807 1.30769230769 0.0 0.0 0.0
0.118881118881 0.0 1.30769230769 0.0 0.0 0.0
0.118881118881 0.039627039627 1.30769230769 0.0 0.0 0.0
0.118881118881 0.0792540792541 1.30769230769 0.0 0.0 0.0
0.118881118881 0.118881118881 1.30769230769 0.0 0.0 0.0
0.118881118881 0.158508158508 1.30769230769 0.0 0.0 0.0
0.118881118881 0.198135198135 1.30769230769 0.0 0.0 0.0
0.118881118881 0.237762237762 1.30769230769 0.0 0.0 0.0
0.118881118881 0.277389277389 1.30769230769 0.0 0.0 0.0
0.118881118881 0.317016317016 1.30769230769 0.0 0.0 0.0
0.118881118881 0.356643356643 1.30769230769 0.0 0.0 0.0
0.118881118881 0.39627039627 1.30769230769 0.0 0.0 0.0
0.118881118881 0.435897435897 1.30769230769 0.0 0.0 0.0
0.118881118881 0.475524475524 1.30769230769 0.0 0.0 0.0
0.118881118881 0.515151515152 1.30769230769 0.0 0.0 0.0
0.118881118881 0.554778554779 1.30769230769 0.0 0.0 0.0
0.118881118881 0.594405594406 1.30769230769 0.0 0.0 0.0
0.118881118881 0.634032634033 1.30769230769 0.0 0.0 0.0
0.118881118881 0.67365967366 1.30769230769 0.0 0.0 0.0
0.118881118881 0.713286713287 1.30769230769 0.0 0.0 0.0
0.118881118881 0.752913752914 1.30769230769 0.0 0.0 0.0
0.118881118881 0.792540792541 1.30769230769 0.0 0.0 0.0
0.118881118881 0.832167832168 1.30769230769 0.0 0.0 0.0
0.118881118881 0.871794871795 1.30769230769 0.0 0.0 0.0
0.118881118881 0.911421911422 1.30769230769 0.0 0.0 0.0
0.118881118881 0.951048951049 1.30769230769 0.0 0.0 0.0
0.118881118881 0.990675990676 1.30769230769 0.0 0.0 0.0
0.118881118881 1.0303030303 1.30769230769 0.0 0.0 0.0
0.118881118881 1.06993006993 1.30769230769 0.0 0.0 0.0
0.118881118881 1.10955710956 1.30769230769 0.0 0.0 0.0
0.118881118881 1.14918414918 1.30769230769 0.0 0.0 0.0
0.118881118881 1.18881118881 1.30769230769 0.0 0.0 0.0
0.118881118881 1.22843822844 1.30769230769 0.0 0.0 0.0
0.118881118881 1.26806526807 1.30769230769 0.0 0.0 0.0
0.158508158508 0.0 1.30769230769 0.0 0.0 0.0
0.158508158508 0.039627039627 1.30769230769 0.0 0.0 0.0
0.158508158508 0.0792540792541 1.30769230769 0.0 0.0 0.0
0.158508158508 0.118881118881 1.30769230769 0.0 0.0 0.0
0.158508158508 0.158508158508 1.30769230769 0.0 0.0 0.0
0.158508158508 0.198135198135 1.30769230769 0.0 0.0 0.0
0.158508158508 0.237762237762 1.30769230769 0.0 0.0 0.0
0.158508158508 0.277389277389 1.30769230769 0.0 0.0 0.0
0.158508158508 0.317016317016 1.30769230769 0.0 0.0 0.0
0.158508158508 0.356643356643 1.30769230769 0.0 0.0 0.0
0.158508158508 0.39627039627 1.30769230769 0.0 0.0 0.0
0.158508158508 0.435897435897 1.30769230769 0.0 0.0 0.0
0.158508158508 0.475524475524 1.30769230769 0.0 0.0 0.0
0.158508158508 0.515151515152 1.30769230769 0.0 0.0 0.0
0.158508158508 0.554778554779 1.30769230769 0.0 0.0 0.0
0.158508158508 0.594405594406 1.30769230769 0.0 0.0 0.0
0.158508158508 0.634032634033 1.30769230769 0.0 0.0 0.0
0.158508158508 0.67365967366 1.30769230769 0.0 0.0 0.0
0.158508158508 0.713286713287 1.30769230769 0.0 0.0 0.0
0.158508158508 0.752913752914 1.30769230769 0.0 0.0 0.0
0.158508158508 0.792540792541 1.30769230769 0.0 0.0 0.0
0.158508158508 0.832167832168 1.30769230769 0.0 0.0 0.0
0.158508158508 0.871794871795 1.30769230769 0.0 0.0 0.0
0.158508158508 0.911421911422 1.30769230769 0.0 0.0 0.0
0.158508158508 0.951048951049 1.30769230769 0.0 0.0 0.0
0.158508158508 0.990675990676 1.30769230769 0.0 0.0 0.0
0.158508158508 1.0303030303 1.30769230769 0.0 0.0 0.0
0.158508158508 1.06993006993 1.30769230769 0.0 0.0 0.0
0.158508158508 1.10955710956 1.30769230769 0.0 0.0 0.0
0.158508158508 1.14918414918 1.30769230769 0.0 0.0 0.0
0.158508158508 1.18881118881 1.30769230769 0.0 0.0 0.0
0.158508158508 1.22843822844 1.30769230769 0.0 0.0 0.0
0.158508158508 1.26806526807 1.30769230769 0.0 0.0 0.0
0.198135198135 0.0 1.30769230769 0.0 0.0 0.0
0.198135198135 0.039627039627 1.30769230769 0.0 0.0 0.0
0.198135198135 0.0792540792541 1.30769230769 0.0 0.0 0.0
0.198135198135 0.118881118881 1.30769230769 0.0 0.0 0.0
0.198135198135 0.158508158508 1.30769230769 0.0 0.0 0.0
0.198135198135 0.198135198135 1.30769230769 0.0 0.0 0.0
0.198135198135 0.237762237762 1.30769230769 0.0 0.0 0.0
0.198135198135 0.277389277389 1.30769230769 0.0 0.0 0.0
0.198135198135 0.317016317016 1.30769230769 0.0 0.0 0.0
0.198135198135 0.356643356643 1.30769230769 0.0 0.0 0.0
0.198135198135 0.39627039627 1.30769230769 0.0 0.0 0.0
0.198135198135 0.435897435897 1.30769230769 0.0 0.0 0.0
0.198135198135 0.475524475524 1.30769230769 0.0 0.0 0.0
0.198135198135 0.515151515152 1.30769230769 0.0 0.0 0.0
0.198135198135 0.554778554779 1.30769230769 0.0 0.0 0.0
0.198135198135 0.594405594406 1.30769230769 0.0 0.0 0.0
0.198135198135 0.634032634033 1.30769230769 0.0 0.0 0.0
0.198135198135 0.67365967366 1.30769230769 0.0 0.0 0.0
0.198135198135 0.713286713287 1.30769230769 0.0 0.0 0.0
0.198135198135 0.752913752914 1.30769230769 0.0 0.0 0.0
0.198135198135 0.792540792541 1.30769230769 0.0 0.0 0.0
0.198135198135 0.832167832168 1.30769230769 0.0 0.0 0.0
0.198135198135 0.871794871795 1.30769230769 0.0 0.0 0.0
0.198135198135 0.911421911422 1.30769230769 0.0 0.0 0.0
0.198135198135 0.951048951049 1.30769230769 0.0 0.0 0.0
0.198135198135 0.990675990676 1.30769230769 0.0 0.0 0.0
0.198135198135 1.0303030303 1.30769230769 0.0 0.0 0.0
0.198135198135 1.06993006993 1.30769230769 0.0 0.0 0.0
0.198135198135 1.10955710956 1.30769230769 0.0 0.0 0.0
0.198135198135 1.14918414918 1.30769230769 0.0 0.0 0.0
0.198135198135 1.18881118881 1.30769230769 0.0 0.0 0.0
0.198135198135 1.22843822844 1.30769230769 0.0 0.0 0.0
0.198135198135 1.26806526807 1.30769230769 0.0 0.0 0.0
0.237762237762 0.0 1.30769230769 0.0 0.0 0.0
0.237762237762 0.039627039627 1.30769230769 0.0 0.0 0.0
0.237762237762 0.0792540792541 1.30769230769 0.0 0.0 0.0
0.237762237762 0.118881118881 1.30769230769 0.0 0.0 0.0
0.237762237762 0.158508158508 1.30769230769 0.0 0.0 0.0
0.237762237762 0.198135198135 1.30769230769 0.0 0.0 0.0
0.237762237762 0.237762237762 1.30769230769 0.0 0.0 0.0
0.237762237762 0.277389277389 1.30769230769 0.0 0.0 0.0
0.237762237762 0.317016317016 1.30769230769 0.0 0.0 0.0
0.237762237762 0.356643356643 1.30769230769 0.0 0.0 0.0
0.237762237762 0.39627039627 1.30769230769 0.0 0.0 0.0
0.237762237762 0.435897435897 1.30769230769 0.0 0.0 0.0
0.237762237762 0.475524475524 1.30769230769 0.0 0.0 0.0
0.237762237762 0.515151515152 1.30769230769 0.0 0.0 0.0
0.237762237762 0.554778554779 1.30769230769 0.0 0.0 0.0
0.237762237762 0.594405594406 1.30769230769 0.0 0.0 0.0
0.237762237762 0.634032634033 1.30769230769 0.0 0.0 0.0
0.237762237762 0.67365967366 1.30769230769 0.0 0.0 0.0
0.237762237762 0.713286713287 1.30769230769 0.0 0.0 0.0
0.237762237762 0.752913752914 1.30769230769 0.0 0.0 0.0
0.237762237762 0.792540792541 1.30769230769 0.0 0.0 0.0
0.237762237762 0.832167832168 1.30769230769 0.0 0.0 0.0
0.237762237762 0.871794871795 1.30769230769 0.0 0.0 0.0
0.237762237762 0.911421911422 1.30769230769 0.0 0.0 0.0
0.237762237762 0.951048951049 1.30769230769 0.0 0.0 0.0
0.237762237762 0.990675990676 1.30769230769 0.0 0.0 0.0
0.237762237762 1.0303030303 1.30769230769 0.0 0.0 0.0
0.237762237762 1.06993006993 1.30769230769 0.0 0.0 0.0
0.237762237762 1.10955710956 1.30769230769 0.0 0.0 0.0
0.237762237762 1.14918414918 1.30769230769 0.0 0.0 0.0
0.237762237762 1.18881118881 1.30769230769 0.0 0.0 0.0
0.237762237762 1.22843822844 1.30769230769 0.0 0.0 0.0
0.237762237762 1.26806526807 1.30769230769 0.0 0.0 0.0
0.277389277389 0.0 1.30769230769 0.0 0.0 0.0
0.277389277389 0.039627039627 1.30769230769 0.0 0.0 0.0
0.277389277389 0.0792540792541 1.30769230769 0.0 0.0 0.0
0.277389277389 0.118881118881 1.30769230769 0.0 0.0 0.0
0.277389277389 0.158508158508 1.30769230769 0.0 0.0 0.0
0.277389277389 0.198135198135 1.30769230769 0.0 0.0 0.0
0.277389277389 0.237762237762 1.30769230769 0.0 0.0 0.0
0.277389277389 0.277389277389 1.30769230769 0.0 0.0 0.0
0.277389277389 0.317016317016 1.30769230769 0.0 0.0 0.0
0.277389277389 0.356643356643 1.30769230769 0.0 0.0 0.0
0.277389277389 0.39627039627 1.30769230769 0.0 0.0 0.0
0.277389277389 0.435897435897 1.30769230769 0.0 0.0 0.0
0.277389277389 0.475524475524 1.30769230769 0.0 0.0 0.0
0.277389277389 0.515151515152 1.30769230769 0.0 0.0 0.0
0.277389277389 0.554778554779 1.30769230769 0.0 0.0 0.0
0.277389277389 0.594405594406 1.30769230769 0.0 0.0 0.0
0.277389277389 0.634032634033 1.30769230769 0.0 0.0 0.0
0.277389277389 0.67365967366 1.30769230769 0.0 0.0 0.0
0.277389277389 0.713286713287 1.30769230769 0.0 0.0 0.0
0.277389277389 0.752913752914 1.30769230769 0.0 0.0 0.0
0.277389277389 0.792540792541 1.30769230769 0.0 0.0 0.0
0.277389277389 0.832167832168 1.30769230769 0.0 0.0 0.0
0.277389277389 0.871794871795 1.30769230769 0.0 0.0 0.0
0.277389277389 0.911421911422 1.30769230769 0.0 0.0 0.0
0.277389277389 0.951048951049 1.30769230769 0.0 0.0 0.0
0.277389277389 0.990675990676 1.30769230769 0.0 0.0 0.0
0.277389277389 1.0303030303 1.30769230769 0.0 0.0 0.0
0.277389277389 1.06993006993 1.30769230769 0.0 0.0 0.0
0.277389277389 1.10955710956 1.30769230769 0.0 0.0 0.0
0.277389277389 1.14918414918 1.30769230769 0.0 0.0 0.0
0.277389277389 1.18881118881 1.30769230769 0.0 0.0 0.0
0.277389277389 1.22843822844 1.30769230769 0.0 0.0 0.0
0.277389277389 1.26806526807 1.30769230769 0.0 0.0 0.0
0.317016317016 0.0 1.30769230769 0.0 0.0 0.0
0.317016317016 0.039627039627 1.30769230769 0.0 0.0 0.0
0.317016317016 0.0792540792541 1.30769230769 0.0 0.0 0.0
0.317016317016 0.118881118881 1.30769230769 0.0 0.0 0.0
0.317016317016 0.158508158508 1.30769230769 0.0 0.0 0.0
0.317016317016 0.198135198135 1.30769230769 0.0 0.0 0.0
0.317016317016 0.237762237762 1.30769230769 0.0 0.0 0.0
0.317016317016 0.277389277389 1.30769230769 0.0 0.0 0.0
0.317016317016 0.317016317016 1.30769230769 0.0 0.0 0.0
0.317016317016 0.356643356643 1.30769230769 0.0 0.0 0.0
0.317016317016 0.39627039627 1.30769230769 0.0 0.0 0.0
0.317016317016 0.435897435897 1.30769230769 0.0 0.0 0.0
0.317016317016 0.475524475524 1.30769230769 0.0 0.0 0.0
0.317016317016 0.515151515152 1.30769230769 0.0 0.0 0.0
0.317016317016 0.554778554779 1.30769230769 0.0 0.0 0.0
0.317016317016 0.594405594406 1.30769230769 0.0 0.0 0.0
0.317016317016 0.634032634033 1.30769230769 0.0 0.0 0.0
0.317016317016 0.67365967366 1.30769230769 0.0 0.0 0.0
0.317016317016 0.713286713287 1.30769230769 0.0 0.0 0.0
0.317016317016 0.752913752914 1.30769230769 0.0 0.0 0.0
0.317016317016 0.792540792541 1.30769230769 0.0 0.0 0.0
0.317016317016 0.832167832168 1.30769230769 0.0 0.0 0.0
0.317016317016 0.871794871795 1.30769230769 0.0 0.0 0.0
0.317016317016 0.911421911422 1.30769230769 0.0 0.0 0.0
0.317016317016 0.951048951049 1.30769230769 0.0 0.0 0.0
0.317016317016 0.990675990676 1.30769230769 0.0 0.0 0.0
0.317016317016 1.0303030303 1.30769230769 0.0 0.0 0.0
0.317016317016 1.06993006993 1.30769230769 0.0 0.0 0.0
0.317016317016 1.10955710956 1.30769230769 0.0 0.0 0.0
0.317016317016 1.14918414918 1.30769230769 0.0 0.0 0.0
0.317016317016 1.18881118881 1.30769230769 0.0 0.0 0.0
0.317016317016 1.22843822844 1.30769230769 0.0 0.0 0.0
0.317016317016 1.26806526807 1.30769230769 0.0 0.0 0.0
0.356643356643 0.0 1.30769230769 0.0 0.0 0.0
0.356643356643 0.039627039627 1.30769230769 0.0 0.0 0.0
0.356643356643 0.0792540792541 1.30769230769 0.0 0.0 0.0
0.356643356643 0.118881118881 1.30769230769 0.0 0.0 0.0
0.356643356643 0.158508158508 1.30769230769 0.0 0.0 0.0
0.356643356643 0.198135198135 1.30769230769 0.0 0.0 0.0
0.356643356643 0.237762237762 1.30769230769 0.0 0.0 0.0
0.356643356643 0.277389277389 1.30769230769 0.0 0.0 0.0
0.356643356643 0.317016317016 1.30769230769 0.0 0.0 0.0
0.356643356643 0.356643356643 1.30769230769 0.0 0.0 0.0
0.356643356643 0.39627039627 1.30769230769 0.0 0.0 0.0
0.356643356643 0.435897435897 1.30769230769 0.0 0.0 0.0
0.356643356643 0.475524475524 1.30769230769 0.0 0.0 0.0
0.356643356643 0.515151515152 1.30769230769 0.0 0.0 0.0
0.356643356643 0.554778554779 1.30769230769 0.0 0.0 0.0
0.356643356643 0.594405594406 1.30769230769 0.0 0.0 0.0
0.356643356643 0.634032634033 1.30769230769 0.0 0.0 0.0
0.356643356643 0.67365967366 1.30769230769 0.0 0.0 0.0
0.356643356643 0.713286713287 1.30769230769 0.0 0.0 0.0
0.356643356643 0.752913752914 1.30769230769 0.0 0.0 0.0
0.356643356643 0.792540792541 1.30769230769 0.0 0.0 0.0
0.356643356643 0.832167832168 1.30769230769 0.0 0.0 0.0
0.356643356643 0.871794871795 1.30769230769 0.0 0.0 0.0
0.356643356643 0.911421911422 1.30769230769 0.0 0.0 0.0
0.356643356643 0.951048951049 1.30769230769 0.0 0.0 0.0
0.356643356643 0.990675990676 1.30769230769 0.0 0.0 0.0
0.356643356643 1.0303030303 1.30769230769 0.0 0.0 0.0
0.356643356643 1.06993006993 1.30769230769 0.0 0.0 0.0
0.356643356643 1.10955710956 1.30769230769 0.0 0.0 0.0
0.356643356643 1.14918414918 1.30769230769 0.0 0.0 0.0
0.356643356643 1.18881118881 1.30769230769 0.0 0.0 0.0
0.356643356643 1.22843822844 1.30769230769 0.0 0.0 0.0
0.356643356643 1.26806526807 1.30769230769 0.0 0.0 0.0
0.39627039627 0.0 1.30769230769 0.0 0.0 0.0
0.39627039627 0.039627039627 1.30769230769 0.0 0.0 0.0
0.39627039627 0.0792540792541 1.30769230769 0.0 0.0 0.0
0.39627039627 0.118881118881 1.30769230769 0.0 0.0 0.0
0.39627039627 0.158508158508 1.30769230769 0.0 0.0 0.0
0.39627039627 0.198135198135 1.30769230769 0.0 0.0 0.0
0.39627039627 0.237762237762 1.30769230769 0.0 0.0 0.0
0.39627039627 0.277389277389 1.30769230769 0.0 0.0 0.0
0.39627039627 0.317016317016 1.30769230769 0.0 0.0 0.0
0.39627039627 0.356643356643 1.30769230769 0.0 0.0 0.0
0.39627039627 0.39627039627 1.30769230769 0.0 0.0 0.0
0.39627039627 0.435897435897 1.30769230769 0.0 0.0 0.0
0.39627039627 0.475524475524 1.30769230769 0.0 0.0 0.0
0.39627039627 0.515151515152 1.30769230769 0.0 0.0 0.0
0.39627039627 0.554778554779 1.30769230769 0.0 0.0 0.0
0.39627039627 0.594405594406 1.30769230769 0.0 0.0 0.0
0.39627039627 0.634032634033 1.30769230769 0.0 0.0 0.0
0.39627039627 0.67365967366 1.30769230769 0.0 0.0 0.0
0.39627039627 0.713286713287 1.30769230769 0.0 0.0 0.0
0.39627039627 0.752913752914 1.30769230769 0.0 0.0 0.0
0.39627039627 0.792540792541 1.30769230769 0.0 0.0 0.0
0.39627039627 0.832167832168 1.30769230769 0.0 0.0 0.0
0.39627039627 0.871794871795 1.30769230769 0.0 0.0 0.0
0.39627039627 0.911421911422 1.30769230769 0.0 0.0 0.0
0.39627039627 0.951048951049 1.30769230769 0.0 0.0 0.0
0.39627039627 0.990675990676 1.30769230769 0.0 0.0 0.0
0.39627039627 1.0303030303 1.30769230769 0.0 0.0 0.0
0.39627039627 1.06993006993 1.30769230769 0.0 0.0 0.0
0.39627039627 1.10955710956 1.30769230769 0.0 0.0 0.0
0.39627039627 1.14918414918 1.30769230769 0.0 0.0 0.0
0.39627039627 1.18881118881 1.30769230769 0.0 0.0 0.0
0.39627039627 1.22843822844 1.30769230769 0.0 0.0 0.0
0.39627039627 1.26806526807 1.30769230769 0.0 0.0 0.0
0.435897435897 0.0 1.30769230769 0.0 0.0 0.0
0.435897435897 0.039627039627 1.30769230769 0.0 0.0 0.0
0.435897435897 0.0792540792541 1.30769230769 0.0 0.0 0.0
0.435897435897 0.118881118881 1.30769230769 0.0 0.0 0.0
0.435897435897 0.158508158508 1.30769230769 0.0 0.0 0.0
0.435897435897 0.198135198135 1.30769230769 0.0 0.0 0.0
0.435897435897 0.237762237762 1.30769230769 0.0 0.0 0.0
0.435897435897 0.277389277389 1.30769230769 0.0 0.0 0.0
0.435897435897 0.317016317016 1.30769230769 0.0 0.0 0.0
0.435897435897 0.356643356643 1.30769230769 0.0 0.0 0.0
0.435897435897 0.39627039627 1.30769230769 0.0 0.0 0.0
0.435897435897 0.435897435897 1.30769230769 0.0 0.0 0.0
0.435897435897 0.475524475524 1.30769230769 0.0 0.0 0.0
0.435897435897 0.515151515152 1.30769230769 0.0 0.0 0.0
0.435897435897 0.554778554779 1.30769230769 0.0 0.0 0.0
0.435897435897 0.594405594406 1.30769230769 0.0 0.0 0.0
0.435897435897 0.634032634033 1.30769230769 0.0 0.0 0.0
0.435897435897 0.67365967366 1.30769230769 0.0 0.0 0.0
0.435897435897 0.713286713287 1.30769230769 0.0 0.0 0.0
0.435897435897 0.752913752914 1.30769230769 0.0 0.0 0.0
0.435897435897 0.792540792541 1.30769230769 0.0 0.0 0.0
0.435897435897 0.832167832168 1.30769230769 0.0 0.0 0.0
0.435897435897 0.871794871795 1.30769230769 0.0 0.0 0.0
0.435897435897 0.911421911422 1.30769230769 0.0 0.0 0.0
0.435897435897 0.951048951049 1.30769230769 0.0 0.0 0.0
0.435897435897 0.990675990676 1.30769230769 0.0 0.0 0.0
0.435897435897 1.0303030303 1.30769230769 0.0 0.0 0.0
0.435897435897 1.06993006993 1.30769230769 0.0 0.0 0.0
0.435897435897 1.10955710956 1.30769230769 0.0 0.0 0.0
0.435897435897 1.14918414918 1.30769230769 0.0 0.0 0.0
0.435897435897 1.18881118881 1.30769230769 0.0 0.0 0.0
0.435897435897 1.22843822844 1.30769230769 0.0 0.0 0.0
0.435897435897 1.26806526807 1.30769230769 0.0 0.0 0.0
0.475524475524 0.0 1.30769230769 0.0 0.0 0.0
0.475524475524 0.039627039627 1.30769230769 0.0 0.0 0.0
0.475524475524 0.0792540792541 1.30769230769 0.0 0.0 0.0
0.475524475524 0.118881118881 1.30769230769 0.0 0.0 0.0
0.475524475524 0.158508158508 1.30769230769 0.0 0.0 0.0
0.475524475524 0.198135198135 1.30769230769 0.0 0.0 0.0
0.475524475524 0.237762237762 1.30769230769 0.0 0.0 0.0
0.475524475524 0.277389277389 1.30769230769 0.0 0.0 0.0
0.475524475524 0.317016317016 1.30769230769 0.0 0.0 0.0
0.475524475524 0.356643356643 1.30769230769 0.0 0.0 0.0
0.475524475524 0.39627039627 1.30769230769 0.0 0.0 0.0
0.475524475524 0.435897435897 1.30769230769 0.0 0.0 0.0
0.475524475524 0.475524475524 1.30769230769 0.0 0.0 0.0
0.475524475524 0.515151515152 1.30769230769 0.0 0.0 0.0
0.475524475524 0.554778554779 1.30769230769 0.0 0.0 0.0
0.475524475524 0.594405594406 1.30769230769 0.0 0.0 0.0
0.475524475524 0.634032634033 1.30769230769 0.0 0.0 0.0
0.475524475524 0.67365967366 1.30769230769 0.0 0.0 0.0
0.475524475524 0.713286713287 1.30769230769 0.0 0.0 0.0
0.475524475524 0.752913752914 1.30769230769 0.0 0.0 0.0
0.475524475524 0.792540792541 1.30769230769 0.0 0.0 0.0
0.475524475524 0.832167832168 1.30769230769 0.0 0.0 0.0
0.475524475524 0.871794871795 1.30769230769 0.0 0.0 0.0
0.475524475524 0.911421911422 1.30769230769 0.0 0.0 0.0
0.475524475524 0.951048951049 1.30769230769 0.0 0.0 0.0
0.475524475524 0.990675990676 1.30769230769 0.0 0.0 0.0
0.475524475524 1.0303030303 1.30769230769 0.0 0.0 0.0
0.475524475524 1.06993006993 1.30769230769 0.0 0.0 0.0
0.475524475524 1.10955710956 1.30769230769 0.0 0.0 0.0
0.475524475524 1.14918414918 1.30769230769 0.0 0.0 0.0
0.475524475524 1.18881118881 1.30769230769 0.0 0.0 0.0
0.475524475524 1.22843822844 1.30769230769 0.0 0.0 0.0
0.475524475524 1.26806526807 1.30769230769 0.0 0.0 0.0
0.515151515152 0.0 1.30769230769 0.0 0.0 0.0
0.515151515152 0.039627039627 1.30769230769 0.0 0.0 0.0
0.515151515152 0.0792540792541 1.30769230769 0.0 0.0 0.0
0.515151515152 0.118881118881 1.30769230769 0.0 0.0 0.0
0.515151515152 0.158508158508 1.30769230769 0.0 0.0 0.0
0.515151515152 0.198135198135 1.30769230769 0.0 0.0 0.0
0.515151515152 0.237762237762 1.30769230769 0.0 0.0 0.0
0.515151515152 0.277389277389 1.30769230769 0.0 0.0 0.0
0.515151515152 0.317016317016 1.30769230769 0.0 0.0 0.0
0.515151515152 0.356643356643 1.30769230769 0.0 0.0 0.0
0.515151515152 0.39627039627 1.30769230769 0.0 0.0 0.0
0.515151515152 0.435897435897 1.30769230769 0.0 0.0 0.0
0.515151515152 0.475524475524 1.30769230769 0.0 0.0 0.0
0.515151515152 0.515151515152 1.30769230769 0.0 0.0 0.0
0.515151515152 0.554778554779 1.30769230769 0.0 0.0 0.0
0.515151515152 0.594405594406 1.30769230769 0.0 0.0 0.0
0.515151515152 0.634032634033 1.30769230769 0.0 0.0 0.0
0.515151515152 0.67365967366 1.30769230769 0.0 0.0 0.0
0.515151515152 0.713286713287 1.30769230769 0.0 0.0 0.0
0.515151515152 0.752913752914 1.30769230769 0.0 0.0 0.0
0.515151515152 0.792540792541 1.30769230769 0.0 0.0 0.0
0.515151515152 0.832167832168 1.30769230769 0.0 0.0 0.0
0.515151515152 0.871794871795 1.30769230769 0.0 0.0 0.0
0.515151515152 0.911421911422 1.30769230769 0.0 0.0 0.0
0.515151515152 0.951048951049 1.30769230769 0.0 0.0 0.0
0.515151515152 0.990675990676 1.30769230769 0.0 0.0 0.0
0.515151515152 1.0303030303 1.30769230769 0.0 0.0 0.0
0.515151515152 1.06993006993 1.30769230769 0.0 0.0 0.0
0.515151515152 1.10955710956 1.30769230769 0.0 0.0 0.0
0.515151515152 1.14918414918 1.30769230769 0.0 0.0 0.0
0.515151515152 1.18881118881 1.30769230769 0.0 0.0 0.0
0.515151515152 1.22843822844 1.30769230769 0.0 0.0 0.0
0.515151515152 1.26806526807 1.30769230769 0.0 0.0 0.0
0.554778554779 0.0 1.30769230769 0.0 0.0 0.0
0.554778554779 0.039627039627 1.30769230769 0.0 0.0 0.0
0.554778554779 0.0792540792541 1.30769230769 0.0 0.0 0.0
0.554778554779 0.118881118881 1.30769230769 0.0 0.0 0.0
0.554778554779 0.158508158508 1.30769230769 0.0 0.0 0.0
0.554778554779 0.198135198135 1.30769230769 0.0 0.0 0.0
0.554778554779 0.237762237762 1.30769230769 0.0 0.0 0.0
0.554778554779 0.277389277389 1.30769230769 0.0 0.0 0.0
0.554778554779 0.317016317016 1.30769230769 0.0 0.0 0.0
0.554778554779 0.356643356643 1.30769230769 0.0 0.0 0.0
0.554778554779 0.39627039627 1.30769230769 0.0 0.0 0.0
0.554778554779 0.435897435897 1.30769230769 0.0 0.0 0.0
0.554778554779 0.475524475524 1.30769230769 0.0 0.0 0.0
0.554778554779 0.515151515152 1.30769230769 0.0 0.0 0.0
0.554778554779 0.554778554779 1.30769230769 0.0 0.0 0.0
0.554778554779 0.594405594406 1.30769230769 0.0 0.0 0.0
0.554778554779 0.634032634033 1.30769230769 0.0 0.0 0.0
0.554778554779 0.67365967366 1.30769230769 0.0 0.0 0.0
0.554778554779 0.713286713287 1.30769230769 0.0 0.0 0.0
0.554778554779 0.752913752914 1.30769230769 0.0 0.0 0.0
0.554778554779 0.792540792541 1.30769230769 0.0 0.0 0.0
0.554778554779 0.832167832168 1.30769230769 0.0 0.0 0.0
0.554778554779 0.871794871795 1.30769230769 0.0 0.0 0.0
0.554778554779 0.911421911422 1.30769230769 0.0 0.0 0.0
0.554778554779 0.951048951049 1.30769230769 0.0 0.0 0.0
0.554778554779 0.990675990676 1.30769230769 0.0 0.0 0.0
0.554778554779 1.0303030303 1.30769230769 0.0 0.0 0.0
0.554778554779 1.06993006993 1.30769230769 0.0 0.0 0.0
0.554778554779 1.10955710956 1.30769230769 0.0 0.0 0.0
0.554778554779 1.14918414918 1.30769230769 0.0 0.0 0.0
0.554778554779 1.18881118881 1.30769230769 0.0 0.0 0.0
0.554778554779 1.22843822844 1.30769230769 0.0 0.0 0.0
0.554778554779 1.26806526807 1.30769230769 0.0 0.0 0.0
0.594405594406 0.0 1.30769230769 0.0 0.0 0.0
0.594405594406 0.039627039627 1.30769230769 0.0 0.0 0.0
0.594405594406 0.0792540792541 1.30769230769 0.0 0.0 0.0
0.594405594406 0.118881118881 1.30769230769 0.0 0.0 0.0
0.594405594406 0.158508158508 1.30769230769 0.0 0.0 0.0
0.594405594406 0.198135198135 1.30769230769 0.0 0.0 0.0
0.594405594406 0.237762237762 1.30769230769 0.0 0.0 0.0
0.594405594406 0.277389277389 1.30769230769 0.0 0.0 0.0
0.594405594406 0.317016317016 1.30769230769 0.0 0.0 0.0
0.594405594406 0.356643356643 1.30769230769 0.0 0.0 0.0
0.594405594406 0.39627039627 1.30769230769 0.0 0.0 0.0
0.594405594406 0.435897435897 1.30769230769 0.0 0.0 0.0
0.594405594406 0.475524475524 1.30769230769 0.0 0.0 0.0
0.594405594406 0.515151515152 1.30769230769 0.0 0.0 0.0
0.594405594406 0.554778554779 1.30769230769 0.0 0.0 0.0
0.594405594406 0.594405594406 1.30769230769 0.0 0.0 0.0
0.594405594406 0.634032634033 1.30769230769 0.0 0.0 0.0
0.594405594406 0.67365967366 1.30769230769 0.0 0.0 0.0
0.594405594406 0.713286713287 1.30769230769 0.0 0.0 0.0
0.594405594406 0.752913752914 1.30769230769 0.0 0.0 0.0
0.594405594406 0.792540792541 1.30769230769 0.0 0.0 0.0
0.594405594406 0.832167832168 1.30769230769 0.0 0.0 0.0
0.594405594406 0.871794871795 1.30769230769 0.0 0.0 0.0
0.594405594406 0.911421911422 1.30769230769 0.0 0.0 0.0
0.594405594406 0.951048951049 1.30769230769 0.0 0.0 0.0
0.594405594406 0.990675990676 1.30769230769 0.0 0.0 0.0
0.594405594406 1.0303030303 1.30769230769 0.0 0.0 0.0
0.594405594406 1.06993006993 1.30769230769 0.0 0.0 0.0
0.594405594406 1.10955710956 1.30769230769 0.0 0.0 0.0
0.594405594406 1.14918414918 1.30769230769 0.0 0.0 0.0
0.594405594406 1.18881118881 1.30769230769 0.0 0.0 0.0
0.594405594406 1.22843822844 1.30769230769 0.0 0.0 0.0
0.594405594406 1.26806526807 1.30769230769 0.0 0.0 0.0
0.634032634033 0.0 1.30769230769 0.0 0.0 0.0
0.634032634033 0.039627039627 1.30769230769 0.0 0.0 0.0
0.634032634033 0.0792540792541 1.30769230769 0.0 0.0 0.0
0.634032634033 0.118881118881 1.30769230769 0.0 0.0 0.0
0.634032634033 0.158508158508 1.30769230769 0.0 0.0 0.0
0.634032634033 0.198135198135 1.30769230769 0.0 0.0 0.0
0.634032634033 0.237762237762 1.30769230769 0.0 0.0 0.0
0.634032634033 0.277389277389 1.30769230769 0.0 0.0 0.0
0.634032634033 0.317016317016 1.30769230769 0.0 0.0 0.0
0.634032634033 0.356643356643 1.30769230769 0.0 0.0 0.0
0.634032634033 0.39627039627 1.30769230769 0.0 0.0 0.0
0.634032634033 0.435897435897 1.30769230769 0.0 0.0 0.0
0.634032634033 0.475524475524 1.30769230769 0.0 0.0 0.0
0.634032634033 0.515151515152 1.30769230769 0.0 0.0 0.0
0.634032634033 0.554778554779 1.30769230769 0.0 0.0 0.0
0.634032634033 0.594405594406 1.30769230769 0.0 0.0 0.0
0.634032634033 0.634032634033 1.30769230769 0.0 0.0 0.0
0.634032634033 0.67365967366 1.30769230769 0.0 0.0 0.0
0.634032634033 0.713286713287 1.30769230769 0.0 0.0 0.0
0.634032634033 0.752913752914 1.30769230769 0.0 0.0 0.0
0.634032634033 0.792540792541 1.30769230769 0.0 0.0 0.0
0.634032634033 0.832167832168 1.30769230769 0.0 0.0 0.0
0.634032634033 0.871794871795 1.30769230769 0.0 0.0 0.0
0.634032634033 0.911421911422 1.30769230769 0.0 0.0 0.0
0.634032634033 0.951048951049 1.30769230769 0.0 0.0 0.0
0.634032634033 0.990675990676 1.30769230769 0.0 0.0 0.0
0.634032634033 1.0303030303 1.30769230769 0.0 0.0 0.0
0.634032634033 1.06993006993 1.30769230769 0.0 0.0 0.0
0.634032634033 1.10955710956 1.30769230769 0.0 0.0 0.0
0.634032634033 1.14918414918 1.30769230769 0.0 0.0 0.0
0.634032634033 1.18881118881 1.30769230769 0.0 0.0 0.0
0.634032634033 1.22843822844 1.30769230769 0.0 0.0 0.0
0.634032634033 1.26806526807 1.30769230769 0.0 0.0 0.0
0.67365967366 0.0 1.30769230769 0.0 0.0 0.0
0.67365967366 0.039627039627 1.30769230769 0.0 0.0 0.0
0.67365967366 0.0792540792541 1.30769230769 0.0 0.0 0.0
0.67365967366 0.118881118881 1.30769230769 0.0 0.0 0.0
0.67365967366 0.158508158508 1.30769230769 0.0 0.0 0.0
0.67365967366 0.198135198135 1.30769230769 0.0 0.0 0.0
0.67365967366 0.237762237762 1.30769230769 0.0 0.0 0.0
0.67365967366 0.277389277389 1.30769230769 0.0 0.0 0.0
0.67365967366 0.317016317016 1.30769230769 0.0 0.0 0.0
0.67365967366 0.356643356643 1.30769230769 0.0 0.0 0.0
0.67365967366 0.39627039627 1.30769230769 0.0 0.0 0.0
0.67365967366 0.435897435897 1.30769230769 0.0 0.0 0.0
0.67365967366 0.475524475524 1.30769230769 0.0 0.0 0.0
0.67365967366 0.515151515152 1.30769230769 0.0 0.0 0.0
0.67365967366 0.554778554779 1.30769230769 0.0 0.0 0.0
0.67365967366 0.594405594406 1.30769230769 0.0 0.0 0.0
0.67365967366 0.634032634033 1.30769230769 0.0 0.0 0.0
0.67365967366 0.67365967366 1.30769230769 0.0 0.0 0.0
0.67365967366 0.713286713287 1.30769230769 0.0 0.0 0.0
0.67365967366 0.752913752914 1.30769230769 0.0 0.0 0.0
0.67365967366 0.792540792541 1.30769230769 0.0 0.0 0.0
0.67365967366 0.832167832168 1.30769230769 0.0 0.0 0.0
0.67365967366 0.871794871795 1.30769230769 0.0 0.0 0.0
0.67365967366 0.911421911422 1.30769230769 0.0 0.0 0.0
0.67365967366 0.951048951049 1.30769230769 0.0 0.0 0.0
0.67365967366 0.990675990676 1.30769230769 0.0 0.0 0.0
0.67365967366 1.0303030303 1.30769230769 0.0 0.0 0.0
0.67365967366 1.06993006993 1.30769230769 0.0 0.0 0.0
0.67365967366 1.10955710956 1.30769230769 0.0 0.0 0.0
0.67365967366 1.14918414918 1.30769230769 0.0 0.0 0.0
0.67365967366 1.18881118881 1.30769230769 0.0 0.0 0.0
0.67365967366 1.22843822844 1.30769230769 0.0 0.0 0.0
0.67365967366 1.26806526807 1.30769230769 0.0 0.0 0.0
0.713286713287 0.0 1.30769230769 0.0 0.0 0.0
0.713286713287 0.039627039627 1.30769230769 0.0 0.0 0.0
0.713286713287 0.0792540792541 1.30769230769 0.0 0.0 0.0
0.713286713287 0.118881118881 1.30769230769 0.0 0.0 0.0
0.713286713287 0.158508158508 1.30769230769 0.0 0.0 0.0
0.713286713287 0.198135198135 1.30769230769 0.0 0.0 0.0
0.713286713287 0.237762237762 1.30769230769 0.0 0.0 0.0
0.713286713287 0.277389277389 1.30769230769 0.0 0.0 0.0
0.713286713287 0.317016317016 1.30769230769 0.0 0.0 0.0
0.713286713287 0.356643356643 1.30769230769 0.0 0.0 0.0
0.713286713287 0.39627039627 1.30769230769 0.0 0.0 0.0
0.713286713287 0.435897435897 1.30769230769 0.0 0.0 0.0
0.713286713287 0.475524475524 1.30769230769 0.0 0.0 0.0
0.713286713287 0.515151515152 1.30769230769 0.0 0.0 0.0
0.713286713287 0.554778554779 1.30769230769 0.0 0.0 0.0
0.713286713287 0.594405594406 1.30769230769 0.0 0.0 0.0
0.713286713287 0.634032634033 1.30769230769 0.0 0.0 0.0
0.713286713287 0.67365967366 1.30769230769 0.0 0.0 0.0
0.713286713287 0.713286713287 1.30769230769 0.0 0.0 0.0
0.713286713287 0.752913752914 1.30769230769 0.0 0.0 0.0
0.713286713287 0.792540792541 1.30769230769 0.0 0.0 0.0
0.713286713287 0.832167832168 1.30769230769 0.0 0.0 0.0
0.713286713287 0.871794871795 1.30769230769 0.0 0.0 0.0
0.713286713287 0.911421911422 1.30769230769 0.0 0.0 0.0
0.713286713287 0.951048951049 1.30769230769 0.0 0.0 0.0
0.713286713287 0.990675990676 1.30769230769 0.0 0.0 0.0
0.713286713287 1.0303030303 1.30769230769 0.0 0.0 0.0
0.713286713287 1.06993006993 1.30769230769 0.0 0.0 0.0
0.713286713287 1.10955710956 1.30769230769 0.0 0.0 0.0
0.713286713287 1.14918414918 1.30769230769 0.0 0.0 0.0
0.713286713287 1.18881118881 1.30769230769 0.0 0.0 0.0
0.713286713287 1.22843822844 1.30769230769 0.0 0.0 0.0
0.713286713287 1.26806526807 1.30769230769 0.0 0.0 0.0
0.752913752914 0.0 1.30769230769 0.0 0.0 0.0
0.752913752914 0.039627039627 1.30769230769 0.0 0.0 0.0
0.752913752914 0.0792540792541 1.30769230769 0.0 0.0 0.0
0.752913752914 0.118881118881 1.30769230769 0.0 0.0 0.0
0.752913752914 0.158508158508 1.30769230769 0.0 0.0 0.0
0.752913752914 0.198135198135 1.30769230769 0.0 0.0 0.0
0.752913752914 0.237762237762 1.30769230769 0.0 0.0 0.0
0.752913752914 0.277389277389 1.30769230769 0.0 0.0 0.0
0.752913752914 0.317016317016 1.30769230769 0.0 0.0 0.0
0.752913752914 0.356643356643 1.30769230769 0.0 0.0 0.0
0.752913752914 0.39627039627 1.30769230769 0.0 0.0 0.0
0.752913752914 0.435897435897 1.30769230769 0.0 0.0 0.0
0.752913752914 0.475524475524 1.30769230769 0.0 0.0 0.0
0.752913752914 0.515151515152 1.30769230769 0.0 0.0 0.0
0.752913752914 0.554778554779 1.30769230769 0.0 0.0 0.0
0.752913752914 0.594405594406 1.30769230769 0.0 0.0 0.0
0.752913752914 0.634032634033 1.30769230769 0.0 0.0 0.0
0.752913752914 0.67365967366 1.30769230769 0.0 0.0 0.0
0.752913752914 0.713286713287 1.30769230769 0.0 0.0 0.0
0.752913752914 0.752913752914 1.30769230769 0.0 0.0 0.0
0.752913752914 0.792540792541 1.30769230769 0.0 0.0 0.0
0.752913752914 0.832167832168 1.30769230769 0.0 0.0 0.0
0.752913752914 0.871794871795 1.30769230769 0.0 0.0 0.0
0.752913752914 0.911421911422 1.30769230769 0.0 0.0 0.0
0.752913752914 0.951048951049 1.30769230769 0.0 0.0 0.0
0.752913752914 0.990675990676 1.30769230769 0.0 0.0 0.0
0.752913752914 1.0303030303 1.30769230769 0.0 0.0 0.0
0.752913752914 1.06993006993 1.30769230769 0.0 0.0 0.0
0.752913752914 1.10955710956 1.30769230769 0.0 0.0 0.0
0.752913752914 1.14918414918 1.30769230769 0.0 0.0 0.0
0.752913752914 1.18881118881 1.30769230769 0.0 0.0 0.0
0.752913752914 1.22843822844 1.30769230769 0.0 0.0 0.0
0.752913752914 1.26806526807 1.30769230769 0.0 0.0 0.0
0.792540792541 0.0 1.30769230769 0.0 0.0 0.0
0.792540792541 0.039627039627 1.30769230769 0.0 0.0 0.0
0.792540792541 0.0792540792541 1.30769230769 0.0 0.0 0.0
0.792540792541 0.118881118881 1.30769230769 0.0 0.0 0.0
0.792540792541 0.158508158508 1.30769230769 0.0 0.0 0.0
0.792540792541 0.198135198135 1.30769230769 0.0 0.0 0.0
0.792540792541 0.237762237762 1.30769230769 0.0 0.0 0.0
0.792540792541 0.277389277389 1.30769230769 0.0 0.0 0.0
0.792540792541 0.317016317016 1.30769230769 0.0 0.0 0.0
0.792540792541 0.356643356643 1.30769230769 0.0 0.0 0.0
0.792540792541 0.39627039627 1.30769230769 0.0 0.0 0.0
0.792540792541 0.435897435897 1.30769230769 0.0 0.0 0.0
0.792540792541 0.475524475524 1.30769230769 0.0 0.0 0.0
0.792540792541 0.515151515152 1.30769230769 0.0 0.0 0.0
0.792540792541 0.554778554779 1.30769230769 0.0 0.0 0.0
0.792540792541 0.594405594406 1.30769230769 0.0 0.0 0.0
0.792540792541 0.634032634033 1.30769230769 0.0 0.0 0.0
0.792540792541 0.67365967366 1.30769230769 0.0 0.0 0.0
0.792540792541 0.713286713287 1.30769230769 0.0 0.0 0.0
0.792540792541 0.752913752914 1.30769230769 0.0 0.0 0.0
0.792540792541 0.792540792541 1.30769230769 0.0 0.0 0.0
0.792540792541 0.832167832168 1.30769230769 0.0 0.0 0.0
0.792540792541 0.871794871795 1.30769230769 0.0 0.0 0.0
0.792540792541 0.911421911422 1.30769230769 0.0 0.0 0.0
0.792540792541 0.951048951049 1.30769230769 0.0 0.0 0.0
0.792540792541 0.990675990676 1.30769230769 0.0 0.0 0.0
0.792540792541 1.0303030303 1.30769230769 0.0 0.0 0.0
0.792540792541 1.06993006993 1.30769230769 0.0 0.0 0.0
0.792540792541 1.10955710956 1.30769230769 0.0 0.0 0.0
0.792540792541 1.14918414918 1.30769230769 0.0 0.0 0.0
0.792540792541 1.18881118881 1.30769230769 0.0 0.0 0.0
0.792540792541 1.22843822844 1.30769230769 0.0 0.0 0.0
0.792540792541 1.26806526807 1.30769230769 0.0 0.0 0.0
0.832167832168 0.0 1.30769230769 0.0 0.0 0.0
0.832167832168 0.039627039627 1.30769230769 0.0 0.0 0.0
0.832167832168 0.0792540792541 1.30769230769 0.0 0.0 0.0
0.832167832168 0.118881118881 1.30769230769 0.0 0.0 0.0
0.832167832168 0.158508158508 1.30769230769 0.0 0.0 0.0
0.832167832168 0.198135198135 1.30769230769 0.0 0.0 0.0
0.832167832168 0.237762237762 1.30769230769 0.0 0.0 0.0
0.832167832168 0.277389277389 1.30769230769 0.0 0.0 0.0
0.832167832168 0.317016317016 1.30769230769 0.0 0.0 0.0
0.832167832168 0.356643356643 1.30769230769 0.0 0.0 0.0
0.832167832168 0.39627039627 1.30769230769 0.0 0.0 0.0
0.832167832168 0.435897435897 1.30769230769 0.0 0.0 0.0
0.832167832168 0.475524475524 1.30769230769 0.0 0.0 0.0
0.832167832168 0.515151515152 1.30769230769 0.0 0.0 0.0
0.832167832168 0.554778554779 1.30769230769 0.0 0.0 0.0
0.832167832168 0.594405594406 1.30769230769 0.0 0.0 0.0
0.832167832168 0.634032634033 1.30769230769 0.0 0.0 0.0
0.832167832168 0.67365967366 1.30769230769 0.0 0.0 0.0
0.832167832168 0.713286713287 1.30769230769 0.0 0.0 0.0
0.832167832168 0.752913752914 1.30769230769 0.0 0.0 0.0
0.832167832168 0.792540792541 1.30769230769 0.0 0.0 0.0
0.832167832168 0.832167832168 1.30769230769 0.0 0.0 0.0
0.832167832168 0.871794871795 1.30769230769 0.0 0.0 0.0
0.832167832168 0.911421911422 1.30769230769 0.0 0.0 0.0
0.832167832168 0.951048951049 1.30769230769 0.0 0.0 0.0
0.832167832168 0.990675990676 1.30769230769 0.0 0.0 0.0
0.832167832168 1.0303030303 1.30769230769 0.0 0.0 0.0
0.832167832168 1.06993006993 1.30769230769 0.0 0.0 0.0
0.832167832168 1.10955710956 1.30769230769 0.0 0.0 0.0
0.832167832168 1.14918414918 1.30769230769 0.0 0.0 0.0
0.832167832168 1.18881118881 1.30769230769 0.0 0.0 0.0
0.832167832168 1.22843822844 1.30769230769 0.0 0.0 0.0
0.832167832168 1.26806526807 1.30769230769 0.0 0.0 0.0
0.871794871795 0.0 1.30769230769 0.0 0.0 0.0
0.871794871795 0.039627039627 1.30769230769 0.0 0.0 0.0
0.871794871795 0.0792540792541 1.30769230769 0.0 0.0 0.0
0.871794871795 0.118881118881 1.30769230769 0.0 0.0 0.0
0.871794871795 0.158508158508 1.30769230769 0.0 0.0 0.0
0.871794871795 0.198135198135 1.30769230769 0.0 0.0 0.0
0.871794871795 0.237762237762 1.30769230769 0.0 0.0 0.0
0.871794871795 0.277389277389 1.30769230769 0.0 0.0 0.0
0.871794871795 0.317016317016 1.30769230769 0.0 0.0 0.0
0.871794871795 0.356643356643 1.30769230769 0.0 0.0 0.0
0.871794871795 0.39627039627 1.30769230769 0.0 0.0 0.0
0.871794871795 0.435897435897 1.30769230769 0.0 0.0 0.0
0.871794871795 0.475524475524 1.30769230769 0.0 0.0 0.0
0.871794871795 0.515151515152 1.30769230769 0.0 0.0 0.0
0.871794871795 0.554778554779 1.30769230769 0.0 0.0 0.0
0.871794871795 0.594405594406 1.30769230769 0.0 0.0 0.0
0.871794871795 0.634032634033 1.30769230769 0.0 0.0 0.0
0.871794871795 0.67365967366 1.30769230769 0.0 0.0 0.0
0.871794871795 0.713286713287 1.30769230769 0.0 0.0 0.0
0.871794871795 0.752913752914 1.30769230769 0.0 0.0 0.0
0.871794871795 0.792540792541 1.30769230769 0.0 0.0 0.0
0.871794871795 0.832167832168 1.30769230769 0.0 0.0 0.0
0.871794871795 0.871794871795 1.30769230769 0.0 0.0 0.0
0.871794871795 0.911421911422 1.30769230769 0.0 0.0 0.0
0.871794871795 0.951048951049 1.30769230769 0.0 0.0 0.0
0.871794871795 0.990675990676 1.30769230769 0.0 0.0 0.0
0.871794871795 1.0303030303 1.30769230769 0.0 0.0 0.0
0.871794871795 1.06993006993 1.30769230769 0.0 0.0 0.0
0.871794871795 1.10955710956 1.30769230769 0.0 0.0 0.0
0.871794871795 1.14918414918 1.30769230769 0.0 0.0 0.0
0.871794871795 1.18881118881 1.30769230769 0.0 0.0 0.0
0.871794871795 1.22843822844 1.30769230769 0.0 0.0 0.0
0.871794871795 1.26806526807 1.30769230769 0.0 0.0 0.0
0.911421911422 0.0 1.30769230769 0.0 0.0 0.0
0.911421911422 0.039627039627 1.30769230769 0.0 0.0 0.0
0.911421911422 0.0792540792541 1.30769230769 0.0 0.0 0.0
0.911421911422 0.118881118881 1.30769230769 0.0 0.0 0.0
0.911421911422 0.158508158508 1.30769230769 0.0 0.0 0.0
0.911421911422 0.198135198135 1.30769230769 0.0 0.0 0.0
0.911421911422 0.237762237762 1.30769230769 0.0 0.0 0.0
0.911421911422 0.277389277389 1.30769230769 0.0 0.0 0.0
0.911421911422 0.317016317016 1.30769230769 0.0 0.0 0.0
0.911421911422 0.356643356643 1.30769230769 0.0 0.0 0.0
0.911421911422 0.39627039627 1.30769230769 0.0 0.0 0.0
0.911421911422 0.435897435897 1.30769230769 0.0 0.0 0.0
0.911421911422 0.475524475524 1.30769230769 0.0 0.0 0.0
0.911421911422 0.515151515152 1.30769230769 0.0 0.0 0.0
0.911421911422 0.554778554779 1.30769230769 0.0 0.0 0.0
0.911421911422 0.594405594406 1.30769230769 0.0 0.0 0.0
0.911421911422 0.634032634033 1.30769230769 0.0 0.0 0.0
0.911421911422 0.67365967366 1.30769230769 0.0 0.0 0.0
0.911421911422 0.713286713287 1.30769230769 0.0 0.0 0.0
0.911421911422 0.752913752914 1.30769230769 0.0 0.0 0.0
0.911421911422 0.792540792541 1.30769230769 0.0 0.0 0.0
0.911421911422 0.832167832168 1.30769230769 0.0 0.0 0.0
0.911421911422 0.871794871795 1.30769230769 0.0 0.0 0.0
0.911421911422 0.911421911422 1.30769230769 0.0 0.0 0.0
0.911421911422 0.951048951049 1.30769230769 0.0 0.0 0.0
0.911421911422 0.990675990676 1.30769230769 0.0 0.0 0.0
0.911421911422 1.0303030303 1.30769230769 0.0 0.0 0.0
0.911421911422 1.06993006993 1.30769230769 0.0 0.0 0.0
0.911421911422 1.10955710956 1.30769230769 0.0 0.0 0.0
0.911421911422 1.14918414918 1.30769230769 0.0 0.0 0.0
0.911421911422 1.18881118881 1.30769230769 0.0 0.0 0.0
0.911421911422 1.22843822844 1.30769230769 0.0 0.0 0.0
0.911421911422 1.26806526807 1.30769230769 0.0 0.0 0.0
0.951048951049 0.0 1.30769230769 0.0 0.0 0.0
0.951048951049 0.039627039627 1.30769230769 0.0 0.0 0.0
0.951048951049 0.0792540792541 1.30769230769 0.0 0.0 0.0
0.951048951049 0.118881118881 1.30769230769 0.0 0.0 0.0
0.951048951049 0.158508158508 1.30769230769 0.0 0.0 0.0
0.951048951049 0.198135198135 1.30769230769 0.0 0.0 0.0
0.951048951049 0.237762237762 1.30769230769 0.0 0.0 0.0
0.951048951049 0.277389277389 1.30769230769 0.0 0.0 0.0
0.951048951049 0.317016317016 1.30769230769 0.0 0.0 0.0
0.951048951049 0.356643356643 1.30769230769 0.0 0.0 0.0
0.951048951049 0.39627039627 1.30769230769 0.0 0.0 0.0
0.951048951049 0.435897435897 1.30769230769 0.0 0.0 0.0
0.951048951049 0.475524475524 1.30769230769 0.0 0.0 0.0
0.951048951049 0.515151515152 1.30769230769 0.0 0.0 0.0
0.951048951049 0.554778554779 1.30769230769 0.0 0.0 0.0
0.951048951049 0.594405594406 1.30769230769 0.0 0.0 0.0
0.951048951049 0.634032634033 1.30769230769 0.0 0.0 0.0
0.951048951049 0.67365967366 1.30769230769 0.0 0.0 0.0
0.951048951049 0.713286713287 1.30769230769 0.0 0.0 0.0
0.951048951049 0.752913752914 1.30769230769 0.0 0.0 0.0
0.951048951049 0.792540792541 1.30769230769 0.0 0.0 0.0
0.951048951049 0.832167832168 1.30769230769 0.0 0.0 0.0
0.951048951049 0.871794871795 1.30769230769 0.0 0.0 0.0
0.951048951049 0.911421911422 1.30769230769 0.0 0.0 0.0
0.951048951049 0.951048951049 1.30769230769 0.0 0.0 0.0
0.951048951049 0.990675990676 1.30769230769 0.0 0.0 0.0
0.951048951049 1.0303030303 1.30769230769 0.0 0.0 0.0
0.951048951049 1.06993006993 1.30769230769 0.0 0.0 0.0
0.951048951049 1.10955710956 1.30769230769 0.0 0.0 0.0
0.951048951049 1.14918414918 1.30769230769 0.0 0.0 0.0
0.951048951049 1.18881118881 1.30769230769 0.0 0.0 0.0
0.951048951049 1.22843822844 1.30769230769 0.0 0.0 0.0
0.951048951049 1.26806526807 1.30769230769 0.0 0.0 0.0
0.990675990676 0.0 1.30769230769 0.0 0.0 0.0
0.990675990676 0.039627039627 1.30769230769 0.0 0.0 0.0
0.990675990676 0.0792540792541 1.30769230769 0.0 0.0 0.0
0.990675990676 0.118881118881 1.30769230769 0.0 0.0 0.0
0.990675990676 0.158508158508 1.30769230769 0.0 0.0 0.0
0.990675990676 0.198135198135 1.30769230769 0.0 0.0 0.0
0.990675990676 0.237762237762 1.30769230769 0.0 0.0 0.0
0.990675990676 0.277389277389 1.30769230769 0.0 0.0 0.0
0.990675990676 0.317016317016 1.30769230769 0.0 0.0 0.0
0.990675990676 0.356643356643 1.30769230769 0.0 0.0 0.0
0.990675990676 0.39627039627 1.30769230769 0.0 0.0 0.0
0.990675990676 0.435897435897 1.30769230769 0.0 0.0 0.0
0.990675990676 0.475524475524 1.30769230769 0.0 0.0 0.0
0.990675990676 0.515151515152 1.30769230769 0.0 0.0 0.0
0.990675990676 0.554778554779 1.30769230769 0.0 0.0 0.0
0.990675990676 0.594405594406 1.30769230769 0.0 0.0 0.0
0.990675990676 0.634032634033 1.30769230769 0.0 0.0 0.0
0.990675990676 0.67365967366 1.30769230769 0.0 0.0 0.0
0.990675990676 0.713286713287 1.30769230769 0.0 0.0 0.0
0.990675990676 0.752913752914 1.30769230769 0.0 0.0 0.0
0.990675990676 0.792540792541 1.30769230769 0.0 0.0 0.0
0.990675990676 0.832167832168 1.30769230769 0.0 0.0 0.0
0.990675990676 0.871794871795 1.30769230769 0.0 0.0 0.0
0.990675990676 0.911421911422 1.30769230769 0.0 0.0 0.0
0.990675990676 0.951048951049 1.30769230769 0.0 0.0 0.0
0.990675990676 0.990675990676 1.30769230769 0.0 0.0 0.0
0.990675990676 1.0303030303 1.30769230769 0.0 0.0 0.0
0.990675990676 1.06993006993 1.30769230769 0.0 0.0 0.0
0.990675990676 1.10955710956 1.30769230769 0.0 0.0 0.0
0.990675990676 1.14918414918 1.30769230769 0.0 0.0 0.0
0.990675990676 1.18881118881 1.30769230769 0.0 0.0 0.0
0.990675990676 1.22843822844 1.30769230769 0.0 0.0 0.0
0.990675990676 1.26806526807 1.30769230769 0.0 0.0 0.0
1.0303030303 0.0 1.30769230769 0.0 0.0 0.0
1.0303030303 0.039627039627 1.30769230769 0.0 0.0 0.0
1.0303030303 0.0792540792541 1.30769230769 0.0 0.0 0.0
1.0303030303 0.118881118881 1.30769230769 0.0 0.0 0.0
1.0303030303 0.158508158508 1.30769230769 0.0 0.0 0.0
1.0303030303 0.198135198135 1.30769230769 0.0 0.0 0.0
1.0303030303 0.237762237762 1.30769230769 0.0 0.0 0.0
1.0303030303 0.277389277389 1.30769230769 0.0 0.0 0.0
1.0303030303 0.317016317016 1.30769230769 0.0 0.0 0.0
1.0303030303 0.356643356643 1.30769230769 0.0 0.0 0.0
1.0303030303 0.39627039627 1.30769230769 0.0 0.0 0.0
1.0303030303 0.435897435897 1.30769230769 0.0 0.0 0.0
1.0303030303 0.475524475524 1.30769230769 0.0 0.0 0.0
1.0303030303 0.515151515152 1.30769230769 0.0 0.0 0.0
1.0303030303 0.554778554779 1.30769230769 0.0 0.0 0.0
1.0303030303 0.594405594406 1.30769230769 0.0 0.0 0.0
1.0303030303 0.634032634033 1.30769230769 0.0 0.0 0.0
1.0303030303 0.67365967366 1.30769230769 0.0 0.0 0.0
1.0303030303 0.713286713287 1.30769230769 0.0 0.0 0.0
1.0303030303 0.752913752914 1.30769230769 0.0 0.0 0.0
1.0303030303 0.792540792541 1.30769230769 0.0 0.0 0.0
1.0303030303 0.832167832168 1.30769230769 0.0 0.0 0.0
1.0303030303 0.871794871795 1.30769230769 0.0 0.0 0.0
1.0303030303 0.911421911422 1.30769230769 0.0 0.0 0.0
1.0303030303 0.951048951049 1.30769230769 0.0 0.0 0.0
1.0303030303 0.990675990676 1.30769230769 0.0 0.0 0.0
1.0303030303 1.0303030303 1.30769230769 0.0 0.0 0.0
1.0303030303 1.06993006993 1.30769230769 0.0 0.0 0.0
1.0303030303 1.10955710956 1.30769230769 0.0 0.0 0.0
1.0303030303 1.14918414918 1.30769230769 0.0 0.0 0.0
1.0303030303 1.18881118881 1.30769230769 0.0 0.0 0.0
1.0303030303 1.22843822844 1.30769230769 0.0 0.0 0.0
1.0303030303 1.26806526807 1.30769230769 0.0 0.0 0.0
1.06993006993 0.0 1.30769230769 0.0 0.0 0.0
1.06993006993 0.039627039627 1.30769230769 0.0 0.0 0.0
1.06993006993 0.0792540792541 1.30769230769 0.0 0.0 0.0
1.06993006993 0.118881118881 1.30769230769 0.0 0.0 0.0
1.06993006993 0.158508158508 1.30769230769 0.0 0.0 0.0
1.06993006993 0.198135198135 1.30769230769 0.0 0.0 0.0
1.06993006993 0.237762237762 1.30769230769 0.0 0.0 0.0
1.06993006993 0.277389277389 1.30769230769 0.0 0.0 0.0
1.06993006993 0.317016317016 1.30769230769 0.0 0.0 0.0
1.06993006993 0.356643356643 1.30769230769 0.0 0.0 0.0
1.06993006993 0.39627039627 1.30769230769 0.0 0.0 0.0
1.06993006993 0.435897435897 1.30769230769 0.0 0.0 0.0
1.06993006993 0.475524475524 1.30769230769 0.0 0.0 0.0
1.06993006993 0.515151515152 1.30769230769 0.0 0.0 0.0
1.06993006993 0.554778554779 1.30769230769 0.0 0.0 0.0
1.06993006993 0.594405594406 1.30769230769 0.0 0.0 0.0
1.06993006993 0.634032634033 1.30769230769 0.0 0.0 0.0
1.06993006993 0.67365967366 1.30769230769 0.0 0.0 0.0
1.06993006993 0.713286713287 1.30769230769 0.0 0.0 0.0
1.06993006993 0.752913752914 1.30769230769 0.0 0.0 0.0
1.06993006993 0.792540792541 1.30769230769 0.0 0.0 0.0
1.06993006993 0.832167832168 1.30769230769 0.0 0.0 0.0
1.06993006993 0.871794871795 1.30769230769 0.0 0.0 0.0
1.06993006993 0.911421911422 1.30769230769 0.0 0.0 0.0
1.06993006993 0.951048951049 1.30769230769 0.0 0.0 0.0
1.06993006993 0.990675990676 1.30769230769 0.0 0.0 0.0
1.06993006993 1.0303030303 1.30769230769 0.0 0.0 0.0
1.06993006993 1.06993006993 1.30769230769 0.0 0.0 0.0
1.06993006993 1.10955710956 1.30769230769 0.0 0.0 0.0
1.06993006993 1.14918414918 1.30769230769 0.0 0.0 0.0
1.06993006993 1.18881118881 1.30769230769 0.0 0.0 0.0
1.06993006993 1.22843822844 1.30769230769 0.0 0.0 0.0
1.06993006993 1.26806526807 1.30769230769 0.0 0.0 0.0
1.10955710956 0.0 1.30769230769 0.0 0.0 0.0
1.10955710956 0.039627039627 1.30769230769 0.0 0.0 0.0
1.10955710956 0.0792540792541 1.30769230769 0.0 0.0 0.0
1.10955710956 0.118881118881 1.30769230769 0.0 0.0 0.0
1.10955710956 0.158508158508 1.30769230769 0.0 0.0 0.0
1.10955710956 0.198135198135 1.30769230769 0.0 0.0 0.0
1.10955710956 0.237762237762 1.30769230769 0.0 0.0 0.0
1.10955710956 0.277389277389 1.30769230769 0.0 0.0 0.0
1.10955710956 0.317016317016 1.30769230769 0.0 0.0 0.0
1.10955710956 0.356643356643 1.30769230769 0.0 0.0 0.0
1.10955710956 0.39627039627 1.30769230769 0.0 0.0 0.0
1.10955710956 0.435897435897 1.30769230769 0.0 0.0 0.0
1.10955710956 0.475524475524 1.30769230769 0.0 0.0 0.0
1.10955710956 0.515151515152 1.30769230769 0.0 0.0 0.0
1.10955710956 0.554778554779 1.30769230769 0.0 0.0 0.0
1.10955710956 0.594405594406 1.30769230769 0.0 0.0 0.0
1.10955710956 0.634032634033 1.30769230769 0.0 0.0 0.0
1.10955710956 0.67365967366 1.30769230769 0.0 0.0 0.0
1.10955710956 0.713286713287 1.30769230769 0.0 0.0 0.0
1.10955710956 0.752913752914 1.30769230769 0.0 0.0 0.0
1.10955710956 0.792540792541 1.30769230769 0.0 0.0 0.0
1.10955710956 0.832167832168 1.30769230769 0.0 0.0 0.0
1.10955710956 0.871794871795 1.30769230769 0.0 0.0 0.0
1.10955710956 0.911421911422 1.30769230769 0.0 0.0 0.0
1.10955710956 0.951048951049 1.30769230769 0.0 0.0 0.0
1.10955710956 0.990675990676 1.30769230769 0.0 0.0 0.0
1.10955710956 1.0303030303 1.30769230769 0.0 0.0 0.0
1.10955710956 1.06993006993 1.30769230769 0.0 0.0 0.0
1.10955710956 1.10955710956 1.30769230769 0.0 0.0 0.0
1.10955710956 1.14918414918 1.30769230769 0.0 0.0 0.0
1.10955710956 1.18881118881 1.30769230769 0.0 0.0 0.0
1.10955710956 1.22843822844 1.30769230769 0.0 0.0 0.0
1.10955710956 1.26806526807 1.30769230769 0.0 0.0 0.0
1.14918414918 0.0 1.30769230769 0.0 0.0 0.0
1.14918414918 0.039627039627 1.30769230769 0.0 0.0 0.0
1.14918414918 0.0792540792541 1.30769230769 0.0 0.0 0.0
1.14918414918 0.118881118881 1.30769230769 0.0 0.0 0.0
1.14918414918 0.158508158508 1.30769230769 0.0 0.0 0.0
1.14918414918 0.198135198135 1.30769230769 0.0 0.0 0.0
1.14918414918 0.237762237762 1.30769230769 0.0 0.0 0.0
1.14918414918 0.277389277389 1.30769230769 0.0 0.0 0.0
1.14918414918 0.317016317016 1.30769230769 0.0 0.0 0.0
1.14918414918 0.356643356643 1.30769230769 0.0 0.0 0.0
1.14918414918 0.39627039627 1.30769230769 0.0 0.0 0.0
1.14918414918 0.435897435897 1.30769230769 0.0 0.0 0.0
1.14918414918 0.475524475524 1.30769230769 0.0 0.0 0.0
1.14918414918 0.515151515152 1.30769230769 0.0 0.0 0.0
1.14918414918 0.554778554779 1.30769230769 0.0 0.0 0.0
1.14918414918 0.594405594406 1.30769230769 0.0 0.0 0.0
1.14918414918 0.634032634033 1.30769230769 0.0 0.0 0.0
1.14918414918 0.67365967366 1.30769230769 0.0 0.0 0.0
1.14918414918 0.713286713287 1.30769230769 0.0 0.0 0.0
1.14918414918 0.752913752914 1.30769230769 0.0 0.0 0.0
1.14918414918 0.792540792541 1.30769230769 0.0 0.0 0.0
1.14918414918 0.832167832168 1.30769230769 0.0 0.0 0.0
1.14918414918 0.871794871795 1.30769230769 0.0 0.0 0.0
1.14918414918 0.911421911422 1.30769230769 0.0 0.0 0.0
1.14918414918 0.951048951049 1.30769230769 0.0 0.0 0.0
1.14918414918 0.990675990676 1.30769230769 0.0 0.0 0.0
1.14918414918 1.0303030303 1.30769230769 0.0 0.0 0.0
1.14918414918 1.06993006993 1.30769230769 0.0 0.0 0.0
1.14918414918 1.10955710956 1.30769230769 0.0 0.0 0.0
1.14918414918 1.14918414918 1.30769230769 0.0 0.0 0.0
1.14918414918 1.18881118881 1.30769230769 0.0 0.0 0.0
1.14918414918 1.22843822844 1.30769230769 0.0 0.0 0.0
1.14918414918 1.26806526807 1.30769230769 0.0 0.0 0.0
1.18881118881 0.0 1.30769230769 0.0 0.0 0.0
1.18881118881 0.039627039627 1.30769230769 0.0 0.0 0.0
1.18881118881 0.0792540792541 1.30769230769 0.0 0.0 0.0
1.18881118881 0.118881118881 1.30769230769 0.0 0.0 0.0
1.18881118881 0.158508158508 1.30769230769 0.0 0.0 0.0
1.18881118881 0.198135198135 1.30769230769 0.0 0.0 0.0
1.18881118881 0.237762237762 1.30769230769 0.0 0.0 0.0
1.18881118881 0.277389277389 1.30769230769 0.0 0.0 0.0
1.18881118881 0.317016317016 1.30769230769 0.0 0.0 0.0
1.18881118881 0.356643356643 1.30769230769 0.0 0.0 0.0
1.18881118881 0.39627039627 1.30769230769 0.0 0.0 0.0
1.18881118881 0.435897435897 1.30769230769 0.0 0.0 0.0
1.18881118881 0.475524475524 1.30769230769 0.0 0.0 0.0
1.18881118881 0.515151515152 1.30769230769 0.0 0.0 0.0
1.18881118881 0.554778554779 1.30769230769 0.0 0.0 0.0
1.18881118881 0.594405594406 1.30769230769 0.0 0.0 0.0
1.18881118881 0.634032634033 1.30769230769 0.0 0.0 0.0
1.18881118881 0.67365967366 1.30769230769 0.0 0.0 0.0
1.18881118881 0.713286713287 1.30769230769 0.0 0.0 0.0
1.18881118881 0.752913752914 1.30769230769 0.0 0.0 0.0
1.18881118881 0.792540792541 1.30769230769 0.0 0.0 0.0
1.18881118881 0.832167832168 1.30769230769 0.0 0.0 0.0
1.18881118881 0.871794871795 1.30769230769 0.0 0.0 0.0
1.18881118881 0.911421911422 1.30769230769 0.0 0.0 0.0
1.18881118881 0.951048951049 1.30769230769 0.0 0.0 0.0
1.18881118881 0.990675990676 1.30769230769 0.0 0.0 0.0
1.18881118881 1.0303030303 1.30769230769 0.0 0.0 0.0
1.18881118881 1.06993006993 1.30769230769 0.0 0.0 0.0
1.18881118881 1.10955710956 1.30769230769 0.0 0.0 0.0
1.18881118881 1.14918414918 1.30769230769 0.0 0.0 0.0
1.18881118881 1.18881118881 1.30769230769 0.0 0.0 0.0
1.18881118881 1.22843822844 1.30769230769 0.0 0.0 0.0
1.18881118881 1.26806526807 1.30769230769 0.0 0.0 0.0
1.22843822844 0.0 1.30769230769 0.0 0.0 0.0
1.22843822844 0.039627039627 1.30769230769 0.0 0.0 0.0
1.22843822844 0.0792540792541 1.30769230769 0.0 0.0 0.0
1.22843822844 0.118881118881 1.30769230769 0.0 0.0 0.0
1.22843822844 0.158508158508 1.30769230769 0.0 0.0 0.0
1.22843822844 0.198135198135 1.30769230769 0.0 0.0 0.0
1.22843822844 0.237762237762 1.30769230769 0.0 0.0 0.0
1.22843822844 0.277389277389 1.30769230769 0.0 0.0 0.0
1.22843822844 0.317016317016 1.30769230769 0.0 0.0 0.0
1.22843822844 0.356643356643 1.30769230769 0.0 0.0 0.0
1.22843822844 0.39627039627 1.30769230769 0.0 0.0 0.0
1.22843822844 0.435897435897 1.30769230769 0.0 0.0 0.0
1.22843822844 0.475524475524 1.30769230769 0.0 0.0 0.0
1.22843822844 0.515151515152 1.30769230769 0.0 0.0 0.0
1.22843822844 0.554778554779 1.30769230769 0.0 0.0 0.0
1.22843822844 0.594405594406 1.30769230769 0.0 0.0 0.0
1.22843822844 0.634032634033 1.30769230769 0.0 0.0 0.0
1.22843822844 0.67365967366 1.30769230769 0.0 0.0 0.0
1.22843822844 0.713286713287 1.30769230769 0.0 0.0 0.0
1.22843822844 0.752913752914 1.30769230769 0.0 0.0 0.0
1.22843822844 0.792540792541 1.30769230769 0.0 0.0 0.0
1.22843822844 0.832167832168 1.30769230769 0.0 0.0 0.0
1.22843822844 0.871794871795 1.30769230769 0.0 0.0 0.0
1.22843822844 0.911421911422 1.30769230769 0.0 0.0 0.0
1.22843822844 0.951048951049 1.30769230769 0.0 0.0 0.0
1.22843822844 0.990675990676 1.30769230769 0.0 0.0 0.0
1.22843822844 1.0303030303 1.30769230769 0.0 0.0 0.0
1.22843822844 1.06993006993 1.30769230769 0.0 0.0 0.0
1.22843822844 1.10955710956 1.30769230769 0.0 0.0 0.0
1.22843822844 1.14918414918 1.30769230769 0.0 0.0 0.0
1.22843822844 1.18881118881 1.30769230769 0.0 0.0 0.0
1.22843822844 1.22843822844 1.30769230769 0.0 0.0 0.0
1.22843822844 1.26806526807 1.30769230769 0.0 0.0 0.0
1.26806526807 0.0 1.30769230769 0.0 0.0 0.0
1.26806526807 0.039627039627 1.30769230769 0.0 0.0 0.0
1.26806526807 0.0792540792541 1.30769230769 0.0 0.0 0.0
1.26806526807 0.118881118881 1.30769230769 0.0 0.0 0.0
1.26806526807 0.158508158508 1.30769230769 0.0 0.0 0.0
1.26806526807 0.198135198135 1.30769230769 0.0 0.0 0.0
1.26806526807 0.237762237762 1.30769230769 0.0 0.0 0.0
1.26806526807 0.277389277389 1.30769230769 0.0 0.0 0.0
1.26806526807 0.317016317016 1.30769230769 0.0 0.0 0.0
1.26806526807 0.356643356643 1.30769230769 0.0 0.0 0.0
1.26806526807 0.39627039627 1.30769230769 0.0 0.0 0.0
1.26806526807 0.435897435897 1.30769230769 0.0 0.0 0.0
1.26806526807 0.475524475524 1.30769230769 0.0 0.0 0.0
1.26806526807 0.515151515152 1.30769230769 0.0 0.0 0.0
1.26806526807 0.554778554779 1.30769230769 0.0 0.0 0.0
1.26806526807 0.594405594406 1.30769230769 0.0 0.0 0.0
1.26806526807 0.634032634033 1.30769230769 0.0 0.0 0.0
1.26806526807 0.67365967366 1.30769230769 0.0 0.0 0.0
1.26806526807 0.713286713287 1.30769230769 0.0 0.0 0.0
1.26806526807 0.752913752914 1.30769230769 0.0 0.0 0.0
1.26806526807 0.792540792541 1.30769230769 0.0 0.0 0.0
1.26806526807 0.832167832168 1.30769230769 0.0 0.0 0.0
1.26806526807 0.871794871795 1.30769230769 0.0 0.0 0.0
1.26806526807 0.911421911422 1.30769230769 0.0 0.0 0.0
1.26806526807 0.951048951049 1.30769230769 0.0 0.0 0.0
1.26806526807 0.990675990676 1.30769230769 0.0 0.0 0.0
1.26806526807 1.0303030303 1.30769230769 0.0 0.0 0.0
1.26806526807 1.06993006993 1.30769230769 0.0 0.0 0.0
1.26806526807 1.10955710956 1.30769230769 0.0 0.0 0.0
1.26806526807 1.14918414918 1.30769230769 0.0 0.0 0.0
1.26806526807 1.18881118881 1.30769230769 0.0 0.0 0.0
1.26806526807 1.22843822844 1.30769230769 0.0 0.0 0.0
1.26806526807 1.26806526807 1.30769230769 0.0 0.0 0.0
